"id","semantic_key","artifact_kind","path","bytes","sha256","toolchain_json","produced_from_ids_json","manifest_ids_json","rights_id","status","record_json"
"urn:uuid:785ef19d-d5c1-588a-ac2d-7e9ed42a682f","lebl.ra.artifact.terminology-v0.3-r006-live-checkpoint","csv","backend/production/v0.3/inputs/TERMINOLOGY.csv","55861","sha256:edf93094bcf3e19941799183293629aaa09b41ec05d2f30a6cf846271c8e9ddc","[""exact frozen admitted-terminology byte snapshot""]","[""urn:uuid:75357f76-02d5-5f2e-9e97-dc9c65eaf5c3"",""urn:uuid:1db73992-5b59-5bf0-a104-a65210ba182f"",""urn:uuid:a8785412-139f-5096-90c0-7b4405e4ec3c"",""urn:uuid:eede27e8-e1bb-5b54-83b1-2239bd102307"",""urn:uuid:24a03373-086f-53a7-b065-96e941d46a51"",""urn:uuid:253f5c13-a415-5c99-8632-e9df11a15e92"",""urn:uuid:75e2a3eb-2262-5943-88de-36fcd9bac079"",""urn:uuid:6c5437a0-735f-5ec6-840d-c0d2f2b6acc7"",""urn:uuid:5b5ab1c2-74dc-57ac-a92c-a0a6df07a427"",""urn:uuid:6534b57d-507e-5a10-b07d-33cd3c88b79c"",""urn:uuid:bc48b1fd-2b09-5a74-bfc2-f9bc9cc0805d"",""urn:uuid:8829d3a6-118f-5270-a15f-9702fd4a3c49"",""urn:uuid:0f054e97-5998-579b-b506-fd33896c49e9"",""urn:uuid:572e66a0-e8b1-53fa-9846-96ce12f2c6ea"",""urn:uuid:d88ccbd9-18a3-54bc-bc80-634b37d7c320"",""urn:uuid:ac2d74bd-26d9-5161-9c85-0c004e3d2759"",""urn:uuid:b3a03aeb-34a1-5774-8187-f2dd501fa4cd"",""urn:uuid:e43077d8-2ed2-566b-8506-9802c0318b67"",""urn:uuid:3632bbab-7269-57e9-a6be-ccba771b2013"",""urn:uuid:0fffdb4b-ac31-5b11-b0ef-e0cff33dce5e"",""urn:uuid:76c28612-bdf2-53a3-b243-6e49e0cacf71"",""urn:uuid:09f42525-1112-52b8-b79d-ceeb4f3b9838"",""urn:uuid:a6a66bae-6324-5b48-b045-5f12b923fbe4"",""urn:uuid:10b79e3e-377d-584d-8f2e-873a743659b5"",""urn:uuid:e206e8b5-126b-5ab6-8d9d-ae609b5ca152"",""urn:uuid:5a0a3582-89fa-5dfe-8733-b990bc1e911f"",""urn:uuid:6106e5e9-a2e4-5ca5-906a-ac8b45699d68"",""urn:uuid:c4cd9ba2-4d72-5f96-bf0f-317d3e9a82e9"",""urn:uuid:eb13bce5-ecb6-5466-ba64-550131802180"",""urn:uuid:ff87641e-6833-55f6-bf32-9b4a81e92b47"",""urn:uuid:142ba2a5-cb97-5fa5-be7b-23fad32bcd8d"",""urn:uuid:9b738c22-5577-5d8e-84c2-91a7528f786b"",""urn:uuid:d657d74c-cbcf-5244-b5d8-46639ced0d19"",""urn:uuid:c79b9456-735a-5d1f-9c0f-8be90f2011a0"",""urn:uuid:d010bd95-df75-576d-99d6-d81fb4cb33eb"",""urn:uuid:757bfd20-2f62-5a82-9fe8-0d9df72921c7"",""urn:uuid:2cf113f7-4d05-59ad-9812-9e5fdf00038d"",""urn:uuid:00584d1e-7e6f-5dfe-a6ec-c5eba197a0dd"",""urn:uuid:ac93c665-a826-5b7f-924c-d4d63e5092fe"",""urn:uuid:d8bee69e-2232-5326-b3a2-fcb197e3c814"",""urn:uuid:8e45d469-6799-510b-8c08-acd8adc56e76"",""urn:uuid:ad768599-5cc4-50f7-b363-45e13d15b90d"",""urn:uuid:4dc10eb5-39ad-50cf-a5d3-531093d7d88c"",""urn:uuid:12c10861-7fcb-5f49-a869-8978cff77852"",""urn:uuid:8c7bec6d-ebdd-5c24-bf7c-3084c55f3bc2"",""urn:uuid:0dbf8220-2fcf-5bcd-8e35-0e6f158ca55f"",""urn:uuid:413c133b-b604-544d-b484-c4afc9bcbb8e"",""urn:uuid:d59e6059-f5c1-58a1-94f6-dd2f20624711"",""urn:uuid:f176a00d-5f04-55b6-bc82-81c682afe251"",""urn:uuid:1167e56d-02f0-50a9-9378-a6e9227b6b16"",""urn:uuid:2be63f1c-0f68-56cf-be11-a16455447e88"",""urn:uuid:40a69357-b406-5378-a490-c0b9a745eb09"",""urn:uuid:95223dd1-700c-52ba-98cb-c5eff15b2971"",""urn:uuid:7c119883-35c7-52ca-beba-9baa8da74d66"",""urn:uuid:f84051bd-74d3-5487-ac06-94d17e742c22"",""urn:uuid:8374ca1c-59a3-5503-9e76-c4fd80d81f36"",""urn:uuid:921a3054-881b-59b3-b59b-601f0ae78b5d"",""urn:uuid:f95e81cb-5dbd-5b5a-8db0-76ace7358a9b"",""urn:uuid:fcf2e275-f1b6-58d9-aee6-6cde2fee0613"",""urn:uuid:d62d4732-de97-5c5c-9d8b-9e25887c7843"",""urn:uuid:501b121b-76f9-56e1-bcb0-8b81c743198d"",""urn:uuid:743b628c-74e3-59f2-9ba0-aa3de68bc57f"",""urn:uuid:71907072-1fd8-5e17-b52f-29f65b784ac9"",""urn:uuid:17937ee8-ada7-5fd2-af91-ef8673e4e744"",""urn:uuid:759c6f9a-1890-57f3-b996-484f9e77738a"",""urn:uuid:e65809ab-3aa5-56c5-ac89-45ff1ba2e020"",""urn:uuid:89c71989-db49-51bc-9102-fbbdf49fc556"",""urn:uuid:d0ae91ae-db10-5e82-b920-3d417f9b6609"",""urn:uuid:6849a90b-2e82-5566-afdc-8161f5e65674"",""urn:uuid:b9e4123d-a809-5e8e-b3a2-83c9728d0170"",""urn:uuid:4d1b8e0c-9189-5b93-a52b-7d06ca2e5db5"",""urn:uuid:7d2e684a-f490-55ed-a1b0-3703c22aba26"",""urn:uuid:d269167a-929b-53a0-a14e-721075d19470"",""urn:uuid:6d64501a-4a00-5f4f-af5f-7570607c997b"",""urn:uuid:c259d78d-0b93-5061-af07-7e3c245639a2"",""urn:uuid:338bbd3c-a6f1-521c-aa10-5b823eb620c1"",""urn:uuid:f9c77ee3-846d-5d96-830b-699d354700ac"",""urn:uuid:86e9e8da-7637-56fa-929e-2576fad505cc"",""urn:uuid:c9788435-eb07-55b8-8a3f-94ec3b2dd88b"",""urn:uuid:66c32daa-2858-5093-9a87-59d8e84ac5a3"",""urn:uuid:5bb3c627-186f-577c-a10c-1c8522df5c18"",""urn:uuid:ec769dfb-c336-5f39-b5f7-f12da62d878f"",""urn:uuid:4c86ab43-3d2f-593a-978f-550850e07842"",""urn:uuid:99e177b4-ef32-5546-bdc7-7b4e75a2215d"",""urn:uuid:de2b62cb-8d55-5d21-8d8d-9be765faeab0"",""urn:uuid:356f28ae-35dc-54c6-a812-ded643af01e8"",""urn:uuid:2751b4d4-50b3-572d-9476-39b5d268c0d8"",""urn:uuid:f22b414a-ac31-5713-8d6a-c137871a9148"",""urn:uuid:342bde32-d599-53b4-9454-897e41ffe2d1"",""urn:uuid:74b47f8c-8fc3-5f74-86f3-08b9b974a4dd"",""urn:uuid:a4fb6cac-df52-5a17-95ce-87a13016870f"",""urn:uuid:21a1ee39-2065-513e-832f-e41d722fe007"",""urn:uuid:b6a01761-693b-5856-b021-4dbb0f3047d7"",""urn:uuid:174d95b3-0c64-5f32-8461-c2022dcfdeee"",""urn:uuid:15446605-c33e-5c2d-a158-4bbbd5cadc82"",""urn:uuid:1cf89d4a-8714-5261-8bf6-2128d93b5033"",""urn:uuid:b7f12eff-2916-5458-88e8-3d7060d9d693"",""urn:uuid:e2c16edf-f5f6-51aa-8f64-bc674428af90"",""urn:uuid:1f8026c8-a15e-5552-a574-999b4229d431"",""urn:uuid:cd88d200-50c9-526b-a17d-4377eaa9f6f7"",""urn:uuid:e3dd92bf-036a-5c59-957a-24d8f3533c47"",""urn:uuid:4cfce4a7-4d8b-5bdc-b698-1755fbe4e5e7"",""urn:uuid:baa09916-ff17-5cac-9204-49692daf7d7b"",""urn:uuid:f2111e98-bc6e-5aa3-9ee5-cfa374655276"",""urn:uuid:227affdf-a99f-5281-8561-89bd1d2cad62"",""urn:uuid:6753810b-dd0a-5891-9b04-7e642703c43a"",""urn:uuid:0d9ea3c7-c888-5106-a1a1-db602a412bc9"",""urn:uuid:0ba7b197-cac8-5766-b5dc-d936c3121e28"",""urn:uuid:68d2615b-6846-5bfa-b3f5-fb656ce7a243"",""urn:uuid:adf72811-bb77-5680-9254-95b73b92e860"",""urn:uuid:143b7115-be9d-50b8-b543-1d80360101b3"",""urn:uuid:7b555cb9-17f6-55fa-a1de-e726eaabca37"",""urn:uuid:572eb03d-9b1c-5d24-948c-6965f89d6569"",""urn:uuid:d642d6bd-2bc0-5ba5-a73d-b39b192c1d0e"",""urn:uuid:ade3d68e-bced-5d90-a688-20fde4030fbe"",""urn:uuid:10cedf9b-66b7-59ba-a96a-915ec11a50a9"",""urn:uuid:b7f2d6fc-fc08-5ca5-8272-acb9f84cd012"",""urn:uuid:8032b5e6-a2a5-5c8f-b960-c958488cade2"",""urn:uuid:ed1d652c-0d2c-555a-adb5-5fa817417dab"",""urn:uuid:75d6df61-bb1b-53d0-81e0-5750927408ef"",""urn:uuid:247a24c8-087c-56c9-82d1-0dc74d41472e"",""urn:uuid:427a69ac-bb28-5331-8fb2-ce443a6deddb"",""urn:uuid:f1d48312-ddd4-5e6c-ad0a-aaeac4a96fa1"",""urn:uuid:2ea96b6a-0d95-5c32-a119-911c7042fa96"",""urn:uuid:c6a210aa-59bb-5a18-b969-98f41294cadb"",""urn:uuid:78058517-87d7-52a9-8892-4f404a14a5b8"",""urn:uuid:140aabe4-0db2-53b4-ae60-757ae891bf96"",""urn:uuid:8f85fa5a-b960-5b17-838c-0cb9dbff8346"",""urn:uuid:2c229033-b310-5d59-a301-833bc4720352"",""urn:uuid:8e281877-bb42-5266-a3f1-55af6b0f2dde"",""urn:uuid:44875d0a-c1a3-5dde-8472-a69f222c41a4"",""urn:uuid:ecee1044-cd72-568a-9beb-0644abd1adef"",""urn:uuid:42f565fc-b8cb-51fa-abbe-f90b5e4cda2c"",""urn:uuid:c700e57f-a1de-50a2-9109-4e5c5100ace8"",""urn:uuid:052a5c7d-fbc7-530b-9fb1-a898cd93c873"",""urn:uuid:e202d43a-2ccf-5147-8a65-f53201f191f7"",""urn:uuid:ecbf6e3b-d2a4-516b-a192-4a586d31f09c"",""urn:uuid:fe46ff56-bf4f-54ae-8efc-8bac343054cf"",""urn:uuid:a7ce8cd2-5dbf-5b94-aa96-e27b7990f8f7"",""urn:uuid:5fb497e9-e140-5b82-9ebb-15905abc620a"",""urn:uuid:47b77fc3-a70e-596c-ae2c-39325fbd785e"",""urn:uuid:887bb2ec-0740-54ea-a88f-2695b6de3b7d"",""urn:uuid:1c71e50a-da29-50ad-86de-c2eed1fe0388"",""urn:uuid:641fe4d6-264c-515b-9dec-fe2121fef720"",""urn:uuid:67b55e59-986a-56b9-8b4b-1f649eba5392"",""urn:uuid:9bef8395-8b41-5348-8218-c30b26a53a39"",""urn:uuid:752c6954-a8f4-5291-88b7-e960fbd0a462"",""urn:uuid:33872702-4843-5b55-b3ee-1b832601f193"",""urn:uuid:3382ace7-267c-5c23-a42a-778908dd7757"",""urn:uuid:ca08308c-7fed-5c57-a4e9-cdaa078d8204"",""urn:uuid:2b2d73ae-2378-5325-90b7-c16685cb2d37"",""urn:uuid:53e46372-4d05-5246-bc71-2dbaf4b2c6d7"",""urn:uuid:38f1a4f3-ac80-5269-b791-a3c060035cc1"",""urn:uuid:60e458d5-1c66-5f43-a7a1-0546a1a9b40f"",""urn:uuid:05f2a87d-0c28-55c0-8d68-55afc01b89ad"",""urn:uuid:b418b08e-020a-5513-99dc-796a925d5de1"",""urn:uuid:4f5d04fe-17c6-5e1c-8aa3-5c8beae41316"",""urn:uuid:6fbd625c-b766-59c0-9535-8db6a7e9d9dd"",""urn:uuid:ded45a68-f285-5b60-a22c-5fb7b60dd890"",""urn:uuid:f7e1031b-500a-52b7-8d1e-be5ac81b9d8b"",""urn:uuid:9eb12450-8f8b-506c-9c36-7fd605b51cf8"",""urn:uuid:0ba19e7c-f08b-5446-8368-3d76156d19c2"",""urn:uuid:fb381a4a-e1c9-5814-ba76-908a4655b52a"",""urn:uuid:ea88b33d-4fea-5904-a410-11728846337d"",""urn:uuid:f84f6d32-2d81-59c3-8b11-5fa306720847"",""urn:uuid:4e122a75-fe96-57cb-a3a4-7d0db53f4d43"",""urn:uuid:b0ccd608-94f8-5cf2-aa5e-dff1c9355e30"",""urn:uuid:f768cfd5-2580-5cbc-b11c-2762f92aa1ee"",""urn:uuid:c3398e90-d3a5-5306-aafa-105483a35696"",""urn:uuid:676ebcfd-142d-519a-9a28-f86fc6d6086d"",""urn:uuid:4702709c-2c5a-5a7b-87cf-43ac32fc238e"",""urn:uuid:9042fa3c-150a-54ad-870f-f9c63483ebfb"",""urn:uuid:ec0e8dde-a4a7-577c-b770-f68cc1d685da"",""urn:uuid:c67e66a7-f9f4-5618-beb9-3eb13f2ac65c"",""urn:uuid:91f20e5b-f5b7-557a-a81d-03c19777b556"",""urn:uuid:dce1451f-1e8d-5ab7-871a-30a00e858c1f"",""urn:uuid:bc81fe4b-57b7-5efc-a8c3-8695bcea7fc2"",""urn:uuid:3c519971-27cc-5549-b5ba-587df320b767"",""urn:uuid:2308bf3a-a3a5-5b16-b43b-48fa914b3503"",""urn:uuid:d59d77a6-f3b5-5769-8074-c13aac1499d1"",""urn:uuid:c7fdae53-2c8f-5499-914a-3899105c5820"",""urn:uuid:eb4b91a8-38a6-56f0-aff1-aa2f2e7df284"",""urn:uuid:4c0c1a2c-685c-5bc7-aa66-2435f2726c77"",""urn:uuid:709b8784-49e7-5e13-bec1-d3f7aee7f6d8"",""urn:uuid:66f5e2bc-8180-59d1-89e2-278aa4b0ffc7"",""urn:uuid:971574c5-32b6-5cad-b8c0-2ac74b766632"",""urn:uuid:63d165d3-211e-5831-a9eb-49f41fe6ad32"",""urn:uuid:6316df19-afe2-5dee-a1e4-608e9653a766"",""urn:uuid:0cc23b12-c899-50bd-8af5-e1f88d2b0b40"",""urn:uuid:cc118cdd-9e0c-546d-bb27-bdc190508383"",""urn:uuid:7039911a-973e-514a-a519-b7a216940b1e"",""urn:uuid:2d8d942e-3440-5fa5-b333-f1a457f3ac02"",""urn:uuid:447c6c5d-b560-5426-a2f6-8dd5e9ef2d1b"",""urn:uuid:07627480-c836-5e11-8b0c-73f33f666e86"",""urn:uuid:b3b2ea04-3b35-564e-9c01-ae432ebd9de9"",""urn:uuid:33644870-eebf-5fdb-82db-5cb56684d9ce"",""urn:uuid:11f783d3-0803-55af-abe0-036446dc7e72"",""urn:uuid:6e5a6775-21e4-5cd1-bcf9-bac5cdee1d53"",""urn:uuid:b8e81c21-2fe3-50f4-97d1-b49c9d9a1b4c"",""urn:uuid:fed53c64-e26d-591f-9d9f-5b4d97f6bffa"",""urn:uuid:54e21443-8d6f-5e01-9497-65e4f24716d4"",""urn:uuid:dc28c73e-c31f-5d8b-9306-4642b3cdba49"",""urn:uuid:ae35a174-2524-5443-bffb-86b04ef9ed59"",""urn:uuid:c3a94a17-a149-5e32-8c57-d2f41b4c7663"",""urn:uuid:3c54038f-cb48-570e-9142-88a8ee06621c"",""urn:uuid:3ee4e936-68f9-525b-83cb-fcbf768f76aa"",""urn:uuid:438010de-55a1-5a30-8c81-3633af404f34"",""urn:uuid:6d4e0460-ca2a-50cf-99ef-d780f48948aa"",""urn:uuid:c1c13935-c1bf-5735-b94f-c4e327d84a76"",""urn:uuid:acfc9fe4-42f5-5e53-ad93-af0ca4eb018e"",""urn:uuid:b91fc043-fe80-53a0-9e9f-ad0cd86db4ed"",""urn:uuid:7f3390f3-48a1-5528-a3d9-8844bcf2858c"",""urn:uuid:52336178-5bb5-58e8-8b81-df9079f05b4a"",""urn:uuid:25fb903b-2a2d-59bf-aaa9-3ea83e6cc031"",""urn:uuid:f6e2ce03-8d07-52a6-bb9d-faccb9496967"",""urn:uuid:6d2afc83-ce1c-53d6-803d-13237543d4df"",""urn:uuid:f41acb51-384e-5485-8787-726bd43dcbdd"",""urn:uuid:a167a3f5-77eb-52b3-aa2c-9c71f6372ec1"",""urn:uuid:fa3bc3d0-5e23-5a82-87d8-1e0a82310b4d"",""urn:uuid:d5138530-0f45-5092-8a28-6d3c620a8668"",""urn:uuid:a6927635-ffc8-58d5-b263-2db819574ccf"",""urn:uuid:c58e7c8d-d99f-5d57-b78c-4fadc4ef5d47"",""urn:uuid:7e2595bb-73d8-589b-b8cd-41b3a9400223"",""urn:uuid:4dc268f5-8200-5b65-bcf9-f45cf33f1e56"",""urn:uuid:749a845d-d732-536d-94f8-685509736d14"",""urn:uuid:b64ca165-27c4-5166-88b4-3201801f1f82"",""urn:uuid:4044c440-0f49-5a2d-a8ae-62d2e93b4792"",""urn:uuid:4f557f41-6652-54a0-bcba-084276a53de8"",""urn:uuid:e758b407-815a-5379-a57a-dd0afd8ce4f5"",""urn:uuid:a3bda879-5688-59cc-ae50-414c2854d1af"",""urn:uuid:5d802a87-1a2a-527e-b8fb-7694fa061032"",""urn:uuid:d6cba0c2-6dc0-5f35-816a-77608dd6ff3b"",""urn:uuid:407a57dd-145c-5bb1-8268-7d54a76ee757"",""urn:uuid:42275bcd-6310-5480-915d-7ccc19df729f"",""urn:uuid:560aa0e0-591e-5bc1-a91c-8b98b7ff0dbf"",""urn:uuid:2ad2c66c-1410-5454-80d6-39eb3475f863"",""urn:uuid:d5e3b366-71d1-58ce-ad5c-2d22cf6f20e0"",""urn:uuid:637f2ab5-cfb6-5056-aa95-06eee711c04a"",""urn:uuid:6146104e-66b8-5fff-bd63-862ef905ff72"",""urn:uuid:33033851-f7e6-5497-b1fc-da7157c6cc30"",""urn:uuid:1c3f902c-afff-5dc1-85ca-eb4283824239"",""urn:uuid:35124fd3-6925-5e12-8f98-f1e0caa84a7b"",""urn:uuid:50e4855b-ea23-5300-b07c-9d2de8cac6ce"",""urn:uuid:d3a9d861-cbd8-5c82-9bd3-67fde5796d39"",""urn:uuid:3a9f6271-7f7b-546e-aa2d-19ae9e77e604"",""urn:uuid:eb840cd5-2861-5497-80b8-25c70685c950"",""urn:uuid:5acf1744-e791-5f29-b7d6-444e9b676a14"",""urn:uuid:4735180b-cc85-501d-bad6-809c289fa400"",""urn:uuid:be2ebf40-7007-5395-88a8-f02d83792c6d"",""urn:uuid:23863771-113d-5083-8099-454558da4e88"",""urn:uuid:8f3e474e-fc4a-5db2-922e-b088a6583d91"",""urn:uuid:d23de1fd-2c42-5bb7-ade8-aa3d4fab3e6b"",""urn:uuid:8865990a-eacb-5ac5-8c42-585605d374a5"",""urn:uuid:31b1c3e7-5e92-56cd-8d9f-3ee24719a3c1"",""urn:uuid:5290553f-ec9e-5a62-ada9-296260d682f5"",""urn:uuid:791b2332-e520-55b1-a940-e2f259224d04"",""urn:uuid:c286de02-ac03-5eee-9844-a59c938f1a9b"",""urn:uuid:7a795318-ceb6-550b-83bf-2dea470fdb0c"",""urn:uuid:cf43c711-acf1-511d-94be-d6167973cd34"",""urn:uuid:48c8630e-bd10-5adc-9b05-b70702194cf7"",""urn:uuid:82c4c881-236d-5190-b866-07d7e551840e"",""urn:uuid:034c7159-a6b5-5260-9a44-e6168f5e43f6"",""urn:uuid:1a6b5c3a-9f20-53a5-a76a-062bae76d628"",""urn:uuid:d75b3481-153b-5481-9b2d-156a20d405ff"",""urn:uuid:e7ed287f-ba7e-5b9f-9c90-cb4c2d7e5294"",""urn:uuid:fd147966-89ed-50a9-8570-ce776273ebcb"",""urn:uuid:80197d86-5482-5a0b-94d2-15ee46b18b02"",""urn:uuid:9710b115-bd1e-5546-93e2-f30c788f8e5c"",""urn:uuid:2f7eac1a-4820-5871-9f3c-f0207079dc4b"",""urn:uuid:1887752f-15ac-5367-a41b-b9971d1b3c66"",""urn:uuid:6f297cbb-6279-5ffa-bd85-e43403983a59"",""urn:uuid:f526bd6f-c422-5dd3-a70d-68d6c5082964"",""urn:uuid:31164515-f75f-5c11-93e6-9019328ea71d"",""urn:uuid:d8ada5c4-29d1-5086-b90d-a5a49ed829fe"",""urn:uuid:b55a9bd4-617c-5c8b-948d-f17617cf22c8"",""urn:uuid:33238e7a-5a06-5a8c-bdc2-792d81970ffc"",""urn:uuid:fd90bd0b-063d-5b3c-9639-a90ac7c10deb"",""urn:uuid:4e8d9c54-3aab-5109-be85-4c0199179a13"",""urn:uuid:73fb7999-31c4-5d46-a686-a579eb672d34"",""urn:uuid:d64ca32a-58a9-59c4-ab89-7a305ec9c94c"",""urn:uuid:dc91cf5c-8093-56ac-83aa-ff9410b0e976"",""urn:uuid:d05204ed-0928-5fac-8ae1-982d0f606d0e"",""urn:uuid:8c54d4c4-749b-52f4-a2ff-8b7eeffd5708"",""urn:uuid:3e4a049c-01d1-5987-b4e0-2d3c451a58ec"",""urn:uuid:3832a451-ef84-513c-b9ec-ab2fe6b5ed9b"",""urn:uuid:021e00f3-4115-5a64-b89b-df7a1aa20354"",""urn:uuid:984f6308-e945-5774-b413-d71585fa42de"",""urn:uuid:b9f68c56-ce05-5db7-b311-492e8a8b4d2c"",""urn:uuid:e87ae62e-301f-5e1e-a6a3-70dec0f1c4e8"",""urn:uuid:4433618c-ae7f-5463-b9e2-95794951a84c"",""urn:uuid:2eb80822-941e-5246-a8eb-84daf71d50ea"",""urn:uuid:55bb9e4a-094b-5b93-bbd6-ccb69cfcb3d0"",""urn:uuid:dc834ae2-abbe-52bf-ab24-ba47706e56cf"",""urn:uuid:2a321e55-b63d-5ca5-ba6d-d573a9ce09e6"",""urn:uuid:fc7f9acc-8f6e-5c7b-b885-7fc795504abc"",""urn:uuid:20dfb735-e042-5b88-ac08-60804fa1a2a9"",""urn:uuid:b7111016-aee6-5bea-9b58-35c20fae0dd5"",""urn:uuid:351dd54c-b843-5ae6-bad5-5bd787ea516b"",""urn:uuid:8975e3c3-2b61-58e9-af3e-77a02b66acff"",""urn:uuid:fa936be9-fc39-5532-b98d-7787fa9b8196"",""urn:uuid:9f57c875-e008-5579-b622-c4df0caab871"",""urn:uuid:da17ab24-5670-5b5b-b85b-f4d531e48814"",""urn:uuid:ffac3ea6-1564-51f3-b6c9-ebb88ecf6310"",""urn:uuid:e7324109-cba3-5439-b151-f70145bec42c"",""urn:uuid:606e9ddf-d727-5ef8-a040-503fb08c40b4"",""urn:uuid:21c30823-9a50-5da1-ae5b-c4c5dbd1ade1"",""urn:uuid:88bab9b1-b43b-57e7-bc49-bb32aaf627b2"",""urn:uuid:e4c11169-e747-50f7-a84e-f28df16cee7b"",""urn:uuid:62a96b85-bdf8-5c82-96cd-67c78e18dd81"",""urn:uuid:6f93c5c8-10ce-557f-8709-6885e2174f58"",""urn:uuid:f5f08ad9-8884-577a-94a9-e723a9c610cd"",""urn:uuid:520172e7-8292-5cf7-a666-c9c9168f03a3"",""urn:uuid:2ee2d34a-3b41-5f58-a1e5-5138104d38c8"",""urn:uuid:32927c38-e5d0-501f-a5c8-130c9dfa92b9"",""urn:uuid:aa28376c-62a2-511f-b565-b7763dd42962"",""urn:uuid:24d8d18b-4166-5373-9917-98d243c08e76"",""urn:uuid:b9bb7da8-269d-59a1-9f17-d0cac57cffbd"",""urn:uuid:80e54e3d-96ce-5af0-8536-d77862a2ab63"",""urn:uuid:9728b67a-3d69-58e4-a270-1f87a3f7d5a1"",""urn:uuid:2936d55d-1bca-5913-ab8a-ef11dda87ed3"",""urn:uuid:f3f961f7-7678-5471-afd3-2ca25a47ebc6"",""urn:uuid:b48442e9-d077-5705-8489-116977642a2c"",""urn:uuid:338da77c-ac41-5893-8930-18a144475a4b"",""urn:uuid:0ee0b303-2c83-5c0b-9238-c6d5278ba9cd"",""urn:uuid:95c307e0-24dc-5e6c-b240-5d7185fcb0a8"",""urn:uuid:1fbec07c-be1e-538b-9497-e42ac22da08c"",""urn:uuid:fb42279e-b613-59ef-ac7a-1563e6f7bb40"",""urn:uuid:83875123-ce4c-5797-8146-385e4f33f947"",""urn:uuid:b5eaea43-cc9f-5e66-81b9-bb1070abe1f9"",""urn:uuid:71abf4e1-cd23-557a-aa95-81d38af69e18"",""urn:uuid:29c3f791-ab72-5e5d-abb9-d59ba36902fd"",""urn:uuid:7ed577fa-cfca-5e03-938c-ba0c9e924312"",""urn:uuid:9684d87b-4e81-53e4-8a68-379b668c0599"",""urn:uuid:fa015717-fef7-5e17-b2a1-49b640b7fa7f"",""urn:uuid:06d19307-2210-5607-9cdd-83d85c6efda7"",""urn:uuid:03568127-f5b7-5465-829d-0ef42eb45dae"",""urn:uuid:381970aa-4718-5247-936e-d66ed3c29428"",""urn:uuid:4c0a5a8b-7b59-5177-8434-b16689f11fc1"",""urn:uuid:300777a9-e65c-559d-9403-8e0dbabfe098"",""urn:uuid:7aab8c2a-5da2-542d-9796-56798067e8ac"",""urn:uuid:22545a3e-91f1-53d4-bda1-dfe8c8ea9275"",""urn:uuid:67dcef05-e113-50c0-ad48-6cb732154d63"",""urn:uuid:742523f9-d320-50da-9a7c-9d5757f627e3"",""urn:uuid:177dde95-f6ef-5220-943a-9666bb22fa65"",""urn:uuid:557199ac-b3b1-5a39-a0f4-6a5470bc1c90"",""urn:uuid:c09e7ba0-68ef-5da0-8aa7-c316765db63c"",""urn:uuid:d72eeb04-a0f9-5bac-a65f-0919aa4105f6"",""urn:uuid:be384ac0-ebb6-5c60-a314-3b37483758e0"",""urn:uuid:bcd59507-dfb1-5c98-b17c-f9d481a24949"",""urn:uuid:ef686a49-e6ca-51b6-ba8b-bc518284c95a"",""urn:uuid:6342bd04-b9f9-52bd-beed-48e23c26f770"",""urn:uuid:e0063d3c-6672-52aa-a930-dd102a4e8963"",""urn:uuid:9977c455-dc88-53e6-b0ac-02a2d5a721ad"",""urn:uuid:a0356dc5-d581-5be9-84f4-9616e63a68a7"",""urn:uuid:99f13aaa-c29b-5063-9d5f-56b3fb980a38"",""urn:uuid:db69dc55-9e8f-5da5-85b6-1abf3eff388b"",""urn:uuid:c8010a22-9f9e-56a2-9dad-a8a51d52c6f9"",""urn:uuid:2aa6ee9f-37c8-52fd-a226-70d8827bc7d1"",""urn:uuid:5a053af9-277c-56fb-a783-585f69c257b5"",""urn:uuid:0f8f844e-ed87-5ef7-a3bf-14f88dcd71d4"",""urn:uuid:a95c40ab-45cf-5dcd-89fa-b253b616268c"",""urn:uuid:006a77f9-3182-517f-b459-ff6e437d9ac9"",""urn:uuid:4b6386c7-faa4-5e64-a24a-167e1e45647a"",""urn:uuid:6385995b-d311-5eab-90d1-502f2f827798"",""urn:uuid:a4e2f50d-2619-5f1e-8d58-dde30b853a80"",""urn:uuid:f265e996-6c1f-55c8-8182-ff495125732b"",""urn:uuid:48327155-473c-525c-8eea-ad3cc3fc6ea8"",""urn:uuid:86307d2f-2f63-5923-9aa4-d34ae7d61857"",""urn:uuid:29d68eca-ddc8-54a6-8fcb-81159eeee8e3"",""urn:uuid:2fe76229-57ca-5746-8ee0-8ec04a45d999"",""urn:uuid:3cde77b1-0310-593a-9057-c307d9b86497"",""urn:uuid:673291a9-360f-595f-b21d-b79632e4c451"",""urn:uuid:107e0149-6095-5941-91fb-65473992318b"",""urn:uuid:1380a46e-af5b-5a3f-a806-1fe3948ac028"",""urn:uuid:5b477002-9884-55c4-9b09-7db80c17dd77"",""urn:uuid:e7c1c39a-194d-5331-8593-3fe3d2bddff1"",""urn:uuid:1a51b0eb-9227-5e86-a673-c55b058f318e"",""urn:uuid:bb45275b-fa32-51ea-be5b-5ac3068be40a"",""urn:uuid:8f255716-483e-5e4c-a41d-2cf62a3eb128"",""urn:uuid:46d2f16d-8fbc-5cd2-b525-e3812c9203ec"",""urn:uuid:ac6f1c21-915f-5936-84f4-6ae0dd0029cd"",""urn:uuid:8fc3fc50-19d3-55cd-b2ee-8e80d508bafd"",""urn:uuid:5ab8c8e3-f1ac-5186-bdc2-59c68d9f692b"",""urn:uuid:4958af93-562d-5c3f-8461-ccff28e34239"",""urn:uuid:df07d93c-9a9b-53e9-9873-d04233420181"",""urn:uuid:a9f9d98e-3e34-5f10-bb98-a462301e39a2"",""urn:uuid:a9830a3d-9400-5dcf-b158-d12eef39f87e"",""urn:uuid:e5087044-e311-58a9-9518-e6260d08f6d2"",""urn:uuid:f67786ad-a4a0-5cd0-8e01-cde1cede36f8"",""urn:uuid:25f0b1cf-8bba-5e7b-954b-bab2c5082b52"",""urn:uuid:4fe98911-a101-5572-8f1c-d3981338d7dc"",""urn:uuid:d868d878-fedd-54ad-9750-ed89942a266f"",""urn:uuid:1d859d1c-1c9a-5ed0-b217-18d84ab9d31c"",""urn:uuid:9c558521-85f6-5273-aeaf-bf3e82984c44"",""urn:uuid:6109a363-4e80-5718-afa1-d649701a315f"",""urn:uuid:9e15d01f-a36c-55ca-8056-a65965ff25f3"",""urn:uuid:acb7239d-3871-5c98-b89b-340f10bf7869"",""urn:uuid:746acd25-7e97-5e85-b109-bbf9edd60e4c"",""urn:uuid:07eea9eb-33f5-56ef-841a-5680868459df"",""urn:uuid:f1281f63-da28-50c3-a446-7e461e09bfba"",""urn:uuid:df94c782-e62f-58cd-b928-91f4738cc655"",""urn:uuid:336568ed-4c35-520a-abeb-12c044735254"",""urn:uuid:f2f7f88b-df96-5c80-bba1-e3dad387a798"",""urn:uuid:f4d012d6-0e83-5857-86e4-66a62d79af28"",""urn:uuid:0cdcca87-80b3-50de-aaf9-fc1dcdde862d"",""urn:uuid:876e27e5-eae8-52df-8fb4-d5db01f34dd1"",""urn:uuid:b20380de-6bf8-551e-b3c9-5bf691e3214d"",""urn:uuid:9f10435e-1300-5a26-8247-67186ab1602a"",""urn:uuid:2329aaa4-fa2f-5272-9a96-8d6ff11fe543"",""urn:uuid:107efdd7-ac5e-59dd-bd12-ac00236a367f"",""urn:uuid:93e0b5cf-4d02-59da-a380-309dc07af62d"",""urn:uuid:4d9e7323-db40-5b1c-bb4b-a5cc5f7b5964"",""urn:uuid:1cbd0b5c-f479-5f99-814b-01da0b478871"",""urn:uuid:e689d7fb-5d95-563f-97df-47a0c760070f"",""urn:uuid:d77b6015-ecd1-5170-8626-cd655d8ce5db"",""urn:uuid:7cb84a41-5343-5e6f-9cfd-918a318eb4de"",""urn:uuid:27d51352-baf7-51c1-becf-3a4f2e30396a"",""urn:uuid:67b0e3a7-29be-5a6f-bb6e-8bd67164d3ce"",""urn:uuid:eae52a1b-c601-5ce1-a2fa-be9ef79a3623"",""urn:uuid:1a1d5f41-ecc2-50b0-8fb6-b16125bc9e43"",""urn:uuid:74dfdcc9-64c6-5bd4-a865-3a4cb1f2b517"",""urn:uuid:e9c85d27-cd9c-5926-9ec8-de58c4e2555e"",""urn:uuid:ed1d3fb2-4783-5ea8-a5d2-ea13c2956306"",""urn:uuid:eb8a3b33-588a-5145-a090-52d5c6c8af5b"",""urn:uuid:e7119ce5-3f28-57ce-a720-768aeda10771"",""urn:uuid:390fb8a0-a5a9-5b34-8b3e-52ae4b351275"",""urn:uuid:a98cb44d-9deb-5223-94a5-0f2874610652"",""urn:uuid:39385c61-31b6-5651-99c7-bf73d1ed728b"",""urn:uuid:a385d19b-9f21-5ee4-8ae7-b1088396558e"",""urn:uuid:22f9ddff-4033-5336-91da-7c5a52741453"",""urn:uuid:bd84730f-da6e-5e00-a3b2-44010f3c30d4"",""urn:uuid:c7696154-d63e-5ba9-91e4-caffe532a8c9"",""urn:uuid:a5a8a5ee-d1e4-5bfd-864e-1422d8a62023"",""urn:uuid:718635bb-6f37-5941-bb26-b717b290ee31"",""urn:uuid:bde83178-8af0-593e-bee3-3cf5b40ff562"",""urn:uuid:28d71dda-9c2e-5b76-812f-77e653321a1c"",""urn:uuid:ff921163-a50f-5687-96cb-aac7c3fe6c99"",""urn:uuid:04e5ff9f-3af1-54e4-9908-96de6922d761"",""urn:uuid:136ea3c2-ea6b-528b-b837-c9ef0248379d"",""urn:uuid:73950d71-0858-5db5-bd16-4fb7c63c5dbc""]","[]","urn:uuid:2d8dd580-22d9-5cfe-b865-6ed6b59af68e","active","{""artifact_kind"":""csv"",""bytes"":55861,""id"":""urn:uuid:785ef19d-d5c1-588a-ac2d-7e9ed42a682f"",""manifest_ids"":[],""path"":""backend/production/v0.3/inputs/TERMINOLOGY.csv"",""produced_from_ids"":[""urn:uuid:75357f76-02d5-5f2e-9e97-dc9c65eaf5c3"",""urn:uuid:1db73992-5b59-5bf0-a104-a65210ba182f"",""urn:uuid:a8785412-139f-5096-90c0-7b4405e4ec3c"",""urn:uuid:eede27e8-e1bb-5b54-83b1-2239bd102307"",""urn:uuid:24a03373-086f-53a7-b065-96e941d46a51"",""urn:uuid:253f5c13-a415-5c99-8632-e9df11a15e92"",""urn:uuid:75e2a3eb-2262-5943-88de-36fcd9bac079"",""urn:uuid:6c5437a0-735f-5ec6-840d-c0d2f2b6acc7"",""urn:uuid:5b5ab1c2-74dc-57ac-a92c-a0a6df07a427"",""urn:uuid:6534b57d-507e-5a10-b07d-33cd3c88b79c"",""urn:uuid:bc48b1fd-2b09-5a74-bfc2-f9bc9cc0805d"",""urn:uuid:8829d3a6-118f-5270-a15f-9702fd4a3c49"",""urn:uuid:0f054e97-5998-579b-b506-fd33896c49e9"",""urn:uuid:572e66a0-e8b1-53fa-9846-96ce12f2c6ea"",""urn:uuid:d88ccbd9-18a3-54bc-bc80-634b37d7c320"",""urn:uuid:ac2d74bd-26d9-5161-9c85-0c004e3d2759"",""urn:uuid:b3a03aeb-34a1-5774-8187-f2dd501fa4cd"",""urn:uuid:e43077d8-2ed2-566b-8506-9802c0318b67"",""urn:uuid:3632bbab-7269-57e9-a6be-ccba771b2013"",""urn:uuid:0fffdb4b-ac31-5b11-b0ef-e0cff33dce5e"",""urn:uuid:76c28612-bdf2-53a3-b243-6e49e0cacf71"",""urn:uuid:09f42525-1112-52b8-b79d-ceeb4f3b9838"",""urn:uuid:a6a66bae-6324-5b48-b045-5f12b923fbe4"",""urn:uuid:10b79e3e-377d-584d-8f2e-873a743659b5"",""urn:uuid:e206e8b5-126b-5ab6-8d9d-ae609b5ca152"",""urn:uuid:5a0a3582-89fa-5dfe-8733-b990bc1e911f"",""urn:uuid:6106e5e9-a2e4-5ca5-906a-ac8b45699d68"",""urn:uuid:c4cd9ba2-4d72-5f96-bf0f-317d3e9a82e9"",""urn:uuid:eb13bce5-ecb6-5466-ba64-550131802180"",""urn:uuid:ff87641e-6833-55f6-bf32-9b4a81e92b47"",""urn:uuid:142ba2a5-cb97-5fa5-be7b-23fad32bcd8d"",""urn:uuid:9b738c22-5577-5d8e-84c2-91a7528f786b"",""urn:uuid:d657d74c-cbcf-5244-b5d8-46639ced0d19"",""urn:uuid:c79b9456-735a-5d1f-9c0f-8be90f2011a0"",""urn:uuid:d010bd95-df75-576d-99d6-d81fb4cb33eb"",""urn:uuid:757bfd20-2f62-5a82-9fe8-0d9df72921c7"",""urn:uuid:2cf113f7-4d05-59ad-9812-9e5fdf00038d"",""urn:uuid:00584d1e-7e6f-5dfe-a6ec-c5eba197a0dd"",""urn:uuid:ac93c665-a826-5b7f-924c-d4d63e5092fe"",""urn:uuid:d8bee69e-2232-5326-b3a2-fcb197e3c814"",""urn:uuid:8e45d469-6799-510b-8c08-acd8adc56e76"",""urn:uuid:ad768599-5cc4-50f7-b363-45e13d15b90d"",""urn:uuid:4dc10eb5-39ad-50cf-a5d3-531093d7d88c"",""urn:uuid:12c10861-7fcb-5f49-a869-8978cff77852"",""urn:uuid:8c7bec6d-ebdd-5c24-bf7c-3084c55f3bc2"",""urn:uuid:0dbf8220-2fcf-5bcd-8e35-0e6f158ca55f"",""urn:uuid:413c133b-b604-544d-b484-c4afc9bcbb8e"",""urn:uuid:d59e6059-f5c1-58a1-94f6-dd2f20624711"",""urn:uuid:f176a00d-5f04-55b6-bc82-81c682afe251"",""urn:uuid:1167e56d-02f0-50a9-9378-a6e9227b6b16"",""urn:uuid:2be63f1c-0f68-56cf-be11-a16455447e88"",""urn:uuid:40a69357-b406-5378-a490-c0b9a745eb09"",""urn:uuid:95223dd1-700c-52ba-98cb-c5eff15b2971"",""urn:uuid:7c119883-35c7-52ca-beba-9baa8da74d66"",""urn:uuid:f84051bd-74d3-5487-ac06-94d17e742c22"",""urn:uuid:8374ca1c-59a3-5503-9e76-c4fd80d81f36"",""urn:uuid:921a3054-881b-59b3-b59b-601f0ae78b5d"",""urn:uuid:f95e81cb-5dbd-5b5a-8db0-76ace7358a9b"",""urn:uuid:fcf2e275-f1b6-58d9-aee6-6cde2fee0613"",""urn:uuid:d62d4732-de97-5c5c-9d8b-9e25887c7843"",""urn:uuid:501b121b-76f9-56e1-bcb0-8b81c743198d"",""urn:uuid:743b628c-74e3-59f2-9ba0-aa3de68bc57f"",""urn:uuid:71907072-1fd8-5e17-b52f-29f65b784ac9"",""urn:uuid:17937ee8-ada7-5fd2-af91-ef8673e4e744"",""urn:uuid:759c6f9a-1890-57f3-b996-484f9e77738a"",""urn:uuid:e65809ab-3aa5-56c5-ac89-45ff1ba2e020"",""urn:uuid:89c71989-db49-51bc-9102-fbbdf49fc556"",""urn:uuid:d0ae91ae-db10-5e82-b920-3d417f9b6609"",""urn:uuid:6849a90b-2e82-5566-afdc-8161f5e65674"",""urn:uuid:b9e4123d-a809-5e8e-b3a2-83c9728d0170"",""urn:uuid:4d1b8e0c-9189-5b93-a52b-7d06ca2e5db5"",""urn:uuid:7d2e684a-f490-55ed-a1b0-3703c22aba26"",""urn:uuid:d269167a-929b-53a0-a14e-721075d19470"",""urn:uuid:6d64501a-4a00-5f4f-af5f-7570607c997b"",""urn:uuid:c259d78d-0b93-5061-af07-7e3c245639a2"",""urn:uuid:338bbd3c-a6f1-521c-aa10-5b823eb620c1"",""urn:uuid:f9c77ee3-846d-5d96-830b-699d354700ac"",""urn:uuid:86e9e8da-7637-56fa-929e-2576fad505cc"",""urn:uuid:c9788435-eb07-55b8-8a3f-94ec3b2dd88b"",""urn:uuid:66c32daa-2858-5093-9a87-59d8e84ac5a3"",""urn:uuid:5bb3c627-186f-577c-a10c-1c8522df5c18"",""urn:uuid:ec769dfb-c336-5f39-b5f7-f12da62d878f"",""urn:uuid:4c86ab43-3d2f-593a-978f-550850e07842"",""urn:uuid:99e177b4-ef32-5546-bdc7-7b4e75a2215d"",""urn:uuid:de2b62cb-8d55-5d21-8d8d-9be765faeab0"",""urn:uuid:356f28ae-35dc-54c6-a812-ded643af01e8"",""urn:uuid:2751b4d4-50b3-572d-9476-39b5d268c0d8"",""urn:uuid:f22b414a-ac31-5713-8d6a-c137871a9148"",""urn:uuid:342bde32-d599-53b4-9454-897e41ffe2d1"",""urn:uuid:74b47f8c-8fc3-5f74-86f3-08b9b974a4dd"",""urn:uuid:a4fb6cac-df52-5a17-95ce-87a13016870f"",""urn:uuid:21a1ee39-2065-513e-832f-e41d722fe007"",""urn:uuid:b6a01761-693b-5856-b021-4dbb0f3047d7"",""urn:uuid:174d95b3-0c64-5f32-8461-c2022dcfdeee"",""urn:uuid:15446605-c33e-5c2d-a158-4bbbd5cadc82"",""urn:uuid:1cf89d4a-8714-5261-8bf6-2128d93b5033"",""urn:uuid:b7f12eff-2916-5458-88e8-3d7060d9d693"",""urn:uuid:e2c16edf-f5f6-51aa-8f64-bc674428af90"",""urn:uuid:1f8026c8-a15e-5552-a574-999b4229d431"",""urn:uuid:cd88d200-50c9-526b-a17d-4377eaa9f6f7"",""urn:uuid:e3dd92bf-036a-5c59-957a-24d8f3533c47"",""urn:uuid:4cfce4a7-4d8b-5bdc-b698-1755fbe4e5e7"",""urn:uuid:baa09916-ff17-5cac-9204-49692daf7d7b"",""urn:uuid:f2111e98-bc6e-5aa3-9ee5-cfa374655276"",""urn:uuid:227affdf-a99f-5281-8561-89bd1d2cad62"",""urn:uuid:6753810b-dd0a-5891-9b04-7e642703c43a"",""urn:uuid:0d9ea3c7-c888-5106-a1a1-db602a412bc9"",""urn:uuid:0ba7b197-cac8-5766-b5dc-d936c3121e28"",""urn:uuid:68d2615b-6846-5bfa-b3f5-fb656ce7a243"",""urn:uuid:adf72811-bb77-5680-9254-95b73b92e860"",""urn:uuid:143b7115-be9d-50b8-b543-1d80360101b3"",""urn:uuid:7b555cb9-17f6-55fa-a1de-e726eaabca37"",""urn:uuid:572eb03d-9b1c-5d24-948c-6965f89d6569"",""urn:uuid:d642d6bd-2bc0-5ba5-a73d-b39b192c1d0e"",""urn:uuid:ade3d68e-bced-5d90-a688-20fde4030fbe"",""urn:uuid:10cedf9b-66b7-59ba-a96a-915ec11a50a9"",""urn:uuid:b7f2d6fc-fc08-5ca5-8272-acb9f84cd012"",""urn:uuid:8032b5e6-a2a5-5c8f-b960-c958488cade2"",""urn:uuid:ed1d652c-0d2c-555a-adb5-5fa817417dab"",""urn:uuid:75d6df61-bb1b-53d0-81e0-5750927408ef"",""urn:uuid:247a24c8-087c-56c9-82d1-0dc74d41472e"",""urn:uuid:427a69ac-bb28-5331-8fb2-ce443a6deddb"",""urn:uuid:f1d48312-ddd4-5e6c-ad0a-aaeac4a96fa1"",""urn:uuid:2ea96b6a-0d95-5c32-a119-911c7042fa96"",""urn:uuid:c6a210aa-59bb-5a18-b969-98f41294cadb"",""urn:uuid:78058517-87d7-52a9-8892-4f404a14a5b8"",""urn:uuid:140aabe4-0db2-53b4-ae60-757ae891bf96"",""urn:uuid:8f85fa5a-b960-5b17-838c-0cb9dbff8346"",""urn:uuid:2c229033-b310-5d59-a301-833bc4720352"",""urn:uuid:8e281877-bb42-5266-a3f1-55af6b0f2dde"",""urn:uuid:44875d0a-c1a3-5dde-8472-a69f222c41a4"",""urn:uuid:ecee1044-cd72-568a-9beb-0644abd1adef"",""urn:uuid:42f565fc-b8cb-51fa-abbe-f90b5e4cda2c"",""urn:uuid:c700e57f-a1de-50a2-9109-4e5c5100ace8"",""urn:uuid:052a5c7d-fbc7-530b-9fb1-a898cd93c873"",""urn:uuid:e202d43a-2ccf-5147-8a65-f53201f191f7"",""urn:uuid:ecbf6e3b-d2a4-516b-a192-4a586d31f09c"",""urn:uuid:fe46ff56-bf4f-54ae-8efc-8bac343054cf"",""urn:uuid:a7ce8cd2-5dbf-5b94-aa96-e27b7990f8f7"",""urn:uuid:5fb497e9-e140-5b82-9ebb-15905abc620a"",""urn:uuid:47b77fc3-a70e-596c-ae2c-39325fbd785e"",""urn:uuid:887bb2ec-0740-54ea-a88f-2695b6de3b7d"",""urn:uuid:1c71e50a-da29-50ad-86de-c2eed1fe0388"",""urn:uuid:641fe4d6-264c-515b-9dec-fe2121fef720"",""urn:uuid:67b55e59-986a-56b9-8b4b-1f649eba5392"",""urn:uuid:9bef8395-8b41-5348-8218-c30b26a53a39"",""urn:uuid:752c6954-a8f4-5291-88b7-e960fbd0a462"",""urn:uuid:33872702-4843-5b55-b3ee-1b832601f193"",""urn:uuid:3382ace7-267c-5c23-a42a-778908dd7757"",""urn:uuid:ca08308c-7fed-5c57-a4e9-cdaa078d8204"",""urn:uuid:2b2d73ae-2378-5325-90b7-c16685cb2d37"",""urn:uuid:53e46372-4d05-5246-bc71-2dbaf4b2c6d7"",""urn:uuid:38f1a4f3-ac80-5269-b791-a3c060035cc1"",""urn:uuid:60e458d5-1c66-5f43-a7a1-0546a1a9b40f"",""urn:uuid:05f2a87d-0c28-55c0-8d68-55afc01b89ad"",""urn:uuid:b418b08e-020a-5513-99dc-796a925d5de1"",""urn:uuid:4f5d04fe-17c6-5e1c-8aa3-5c8beae41316"",""urn:uuid:6fbd625c-b766-59c0-9535-8db6a7e9d9dd"",""urn:uuid:ded45a68-f285-5b60-a22c-5fb7b60dd890"",""urn:uuid:f7e1031b-500a-52b7-8d1e-be5ac81b9d8b"",""urn:uuid:9eb12450-8f8b-506c-9c36-7fd605b51cf8"",""urn:uuid:0ba19e7c-f08b-5446-8368-3d76156d19c2"",""urn:uuid:fb381a4a-e1c9-5814-ba76-908a4655b52a"",""urn:uuid:ea88b33d-4fea-5904-a410-11728846337d"",""urn:uuid:f84f6d32-2d81-59c3-8b11-5fa306720847"",""urn:uuid:4e122a75-fe96-57cb-a3a4-7d0db53f4d43"",""urn:uuid:b0ccd608-94f8-5cf2-aa5e-dff1c9355e30"",""urn:uuid:f768cfd5-2580-5cbc-b11c-2762f92aa1ee"",""urn:uuid:c3398e90-d3a5-5306-aafa-105483a35696"",""urn:uuid:676ebcfd-142d-519a-9a28-f86fc6d6086d"",""urn:uuid:4702709c-2c5a-5a7b-87cf-43ac32fc238e"",""urn:uuid:9042fa3c-150a-54ad-870f-f9c63483ebfb"",""urn:uuid:ec0e8dde-a4a7-577c-b770-f68cc1d685da"",""urn:uuid:c67e66a7-f9f4-5618-beb9-3eb13f2ac65c"",""urn:uuid:91f20e5b-f5b7-557a-a81d-03c19777b556"",""urn:uuid:dce1451f-1e8d-5ab7-871a-30a00e858c1f"",""urn:uuid:bc81fe4b-57b7-5efc-a8c3-8695bcea7fc2"",""urn:uuid:3c519971-27cc-5549-b5ba-587df320b767"",""urn:uuid:2308bf3a-a3a5-5b16-b43b-48fa914b3503"",""urn:uuid:d59d77a6-f3b5-5769-8074-c13aac1499d1"",""urn:uuid:c7fdae53-2c8f-5499-914a-3899105c5820"",""urn:uuid:eb4b91a8-38a6-56f0-aff1-aa2f2e7df284"",""urn:uuid:4c0c1a2c-685c-5bc7-aa66-2435f2726c77"",""urn:uuid:709b8784-49e7-5e13-bec1-d3f7aee7f6d8"",""urn:uuid:66f5e2bc-8180-59d1-89e2-278aa4b0ffc7"",""urn:uuid:971574c5-32b6-5cad-b8c0-2ac74b766632"",""urn:uuid:63d165d3-211e-5831-a9eb-49f41fe6ad32"",""urn:uuid:6316df19-afe2-5dee-a1e4-608e9653a766"",""urn:uuid:0cc23b12-c899-50bd-8af5-e1f88d2b0b40"",""urn:uuid:cc118cdd-9e0c-546d-bb27-bdc190508383"",""urn:uuid:7039911a-973e-514a-a519-b7a216940b1e"",""urn:uuid:2d8d942e-3440-5fa5-b333-f1a457f3ac02"",""urn:uuid:447c6c5d-b560-5426-a2f6-8dd5e9ef2d1b"",""urn:uuid:07627480-c836-5e11-8b0c-73f33f666e86"",""urn:uuid:b3b2ea04-3b35-564e-9c01-ae432ebd9de9"",""urn:uuid:33644870-eebf-5fdb-82db-5cb56684d9ce"",""urn:uuid:11f783d3-0803-55af-abe0-036446dc7e72"",""urn:uuid:6e5a6775-21e4-5cd1-bcf9-bac5cdee1d53"",""urn:uuid:b8e81c21-2fe3-50f4-97d1-b49c9d9a1b4c"",""urn:uuid:fed53c64-e26d-591f-9d9f-5b4d97f6bffa"",""urn:uuid:54e21443-8d6f-5e01-9497-65e4f24716d4"",""urn:uuid:dc28c73e-c31f-5d8b-9306-4642b3cdba49"",""urn:uuid:ae35a174-2524-5443-bffb-86b04ef9ed59"",""urn:uuid:c3a94a17-a149-5e32-8c57-d2f41b4c7663"",""urn:uuid:3c54038f-cb48-570e-9142-88a8ee06621c"",""urn:uuid:3ee4e936-68f9-525b-83cb-fcbf768f76aa"",""urn:uuid:438010de-55a1-5a30-8c81-3633af404f34"",""urn:uuid:6d4e0460-ca2a-50cf-99ef-d780f48948aa"",""urn:uuid:c1c13935-c1bf-5735-b94f-c4e327d84a76"",""urn:uuid:acfc9fe4-42f5-5e53-ad93-af0ca4eb018e"",""urn:uuid:b91fc043-fe80-53a0-9e9f-ad0cd86db4ed"",""urn:uuid:7f3390f3-48a1-5528-a3d9-8844bcf2858c"",""urn:uuid:52336178-5bb5-58e8-8b81-df9079f05b4a"",""urn:uuid:25fb903b-2a2d-59bf-aaa9-3ea83e6cc031"",""urn:uuid:f6e2ce03-8d07-52a6-bb9d-faccb9496967"",""urn:uuid:6d2afc83-ce1c-53d6-803d-13237543d4df"",""urn:uuid:f41acb51-384e-5485-8787-726bd43dcbdd"",""urn:uuid:a167a3f5-77eb-52b3-aa2c-9c71f6372ec1"",""urn:uuid:fa3bc3d0-5e23-5a82-87d8-1e0a82310b4d"",""urn:uuid:d5138530-0f45-5092-8a28-6d3c620a8668"",""urn:uuid:a6927635-ffc8-58d5-b263-2db819574ccf"",""urn:uuid:c58e7c8d-d99f-5d57-b78c-4fadc4ef5d47"",""urn:uuid:7e2595bb-73d8-589b-b8cd-41b3a9400223"",""urn:uuid:4dc268f5-8200-5b65-bcf9-f45cf33f1e56"",""urn:uuid:749a845d-d732-536d-94f8-685509736d14"",""urn:uuid:b64ca165-27c4-5166-88b4-3201801f1f82"",""urn:uuid:4044c440-0f49-5a2d-a8ae-62d2e93b4792"",""urn:uuid:4f557f41-6652-54a0-bcba-084276a53de8"",""urn:uuid:e758b407-815a-5379-a57a-dd0afd8ce4f5"",""urn:uuid:a3bda879-5688-59cc-ae50-414c2854d1af"",""urn:uuid:5d802a87-1a2a-527e-b8fb-7694fa061032"",""urn:uuid:d6cba0c2-6dc0-5f35-816a-77608dd6ff3b"",""urn:uuid:407a57dd-145c-5bb1-8268-7d54a76ee757"",""urn:uuid:42275bcd-6310-5480-915d-7ccc19df729f"",""urn:uuid:560aa0e0-591e-5bc1-a91c-8b98b7ff0dbf"",""urn:uuid:2ad2c66c-1410-5454-80d6-39eb3475f863"",""urn:uuid:d5e3b366-71d1-58ce-ad5c-2d22cf6f20e0"",""urn:uuid:637f2ab5-cfb6-5056-aa95-06eee711c04a"",""urn:uuid:6146104e-66b8-5fff-bd63-862ef905ff72"",""urn:uuid:33033851-f7e6-5497-b1fc-da7157c6cc30"",""urn:uuid:1c3f902c-afff-5dc1-85ca-eb4283824239"",""urn:uuid:35124fd3-6925-5e12-8f98-f1e0caa84a7b"",""urn:uuid:50e4855b-ea23-5300-b07c-9d2de8cac6ce"",""urn:uuid:d3a9d861-cbd8-5c82-9bd3-67fde5796d39"",""urn:uuid:3a9f6271-7f7b-546e-aa2d-19ae9e77e604"",""urn:uuid:eb840cd5-2861-5497-80b8-25c70685c950"",""urn:uuid:5acf1744-e791-5f29-b7d6-444e9b676a14"",""urn:uuid:4735180b-cc85-501d-bad6-809c289fa400"",""urn:uuid:be2ebf40-7007-5395-88a8-f02d83792c6d"",""urn:uuid:23863771-113d-5083-8099-454558da4e88"",""urn:uuid:8f3e474e-fc4a-5db2-922e-b088a6583d91"",""urn:uuid:d23de1fd-2c42-5bb7-ade8-aa3d4fab3e6b"",""urn:uuid:8865990a-eacb-5ac5-8c42-585605d374a5"",""urn:uuid:31b1c3e7-5e92-56cd-8d9f-3ee24719a3c1"",""urn:uuid:5290553f-ec9e-5a62-ada9-296260d682f5"",""urn:uuid:791b2332-e520-55b1-a940-e2f259224d04"",""urn:uuid:c286de02-ac03-5eee-9844-a59c938f1a9b"",""urn:uuid:7a795318-ceb6-550b-83bf-2dea470fdb0c"",""urn:uuid:cf43c711-acf1-511d-94be-d6167973cd34"",""urn:uuid:48c8630e-bd10-5adc-9b05-b70702194cf7"",""urn:uuid:82c4c881-236d-5190-b866-07d7e551840e"",""urn:uuid:034c7159-a6b5-5260-9a44-e6168f5e43f6"",""urn:uuid:1a6b5c3a-9f20-53a5-a76a-062bae76d628"",""urn:uuid:d75b3481-153b-5481-9b2d-156a20d405ff"",""urn:uuid:e7ed287f-ba7e-5b9f-9c90-cb4c2d7e5294"",""urn:uuid:fd147966-89ed-50a9-8570-ce776273ebcb"",""urn:uuid:80197d86-5482-5a0b-94d2-15ee46b18b02"",""urn:uuid:9710b115-bd1e-5546-93e2-f30c788f8e5c"",""urn:uuid:2f7eac1a-4820-5871-9f3c-f0207079dc4b"",""urn:uuid:1887752f-15ac-5367-a41b-b9971d1b3c66"",""urn:uuid:6f297cbb-6279-5ffa-bd85-e43403983a59"",""urn:uuid:f526bd6f-c422-5dd3-a70d-68d6c5082964"",""urn:uuid:31164515-f75f-5c11-93e6-9019328ea71d"",""urn:uuid:d8ada5c4-29d1-5086-b90d-a5a49ed829fe"",""urn:uuid:b55a9bd4-617c-5c8b-948d-f17617cf22c8"",""urn:uuid:33238e7a-5a06-5a8c-bdc2-792d81970ffc"",""urn:uuid:fd90bd0b-063d-5b3c-9639-a90ac7c10deb"",""urn:uuid:4e8d9c54-3aab-5109-be85-4c0199179a13"",""urn:uuid:73fb7999-31c4-5d46-a686-a579eb672d34"",""urn:uuid:d64ca32a-58a9-59c4-ab89-7a305ec9c94c"",""urn:uuid:dc91cf5c-8093-56ac-83aa-ff9410b0e976"",""urn:uuid:d05204ed-0928-5fac-8ae1-982d0f606d0e"",""urn:uuid:8c54d4c4-749b-52f4-a2ff-8b7eeffd5708"",""urn:uuid:3e4a049c-01d1-5987-b4e0-2d3c451a58ec"",""urn:uuid:3832a451-ef84-513c-b9ec-ab2fe6b5ed9b"",""urn:uuid:021e00f3-4115-5a64-b89b-df7a1aa20354"",""urn:uuid:984f6308-e945-5774-b413-d71585fa42de"",""urn:uuid:b9f68c56-ce05-5db7-b311-492e8a8b4d2c"",""urn:uuid:e87ae62e-301f-5e1e-a6a3-70dec0f1c4e8"",""urn:uuid:4433618c-ae7f-5463-b9e2-95794951a84c"",""urn:uuid:2eb80822-941e-5246-a8eb-84daf71d50ea"",""urn:uuid:55bb9e4a-094b-5b93-bbd6-ccb69cfcb3d0"",""urn:uuid:dc834ae2-abbe-52bf-ab24-ba47706e56cf"",""urn:uuid:2a321e55-b63d-5ca5-ba6d-d573a9ce09e6"",""urn:uuid:fc7f9acc-8f6e-5c7b-b885-7fc795504abc"",""urn:uuid:20dfb735-e042-5b88-ac08-60804fa1a2a9"",""urn:uuid:b7111016-aee6-5bea-9b58-35c20fae0dd5"",""urn:uuid:351dd54c-b843-5ae6-bad5-5bd787ea516b"",""urn:uuid:8975e3c3-2b61-58e9-af3e-77a02b66acff"",""urn:uuid:fa936be9-fc39-5532-b98d-7787fa9b8196"",""urn:uuid:9f57c875-e008-5579-b622-c4df0caab871"",""urn:uuid:da17ab24-5670-5b5b-b85b-f4d531e48814"",""urn:uuid:ffac3ea6-1564-51f3-b6c9-ebb88ecf6310"",""urn:uuid:e7324109-cba3-5439-b151-f70145bec42c"",""urn:uuid:606e9ddf-d727-5ef8-a040-503fb08c40b4"",""urn:uuid:21c30823-9a50-5da1-ae5b-c4c5dbd1ade1"",""urn:uuid:88bab9b1-b43b-57e7-bc49-bb32aaf627b2"",""urn:uuid:e4c11169-e747-50f7-a84e-f28df16cee7b"",""urn:uuid:62a96b85-bdf8-5c82-96cd-67c78e18dd81"",""urn:uuid:6f93c5c8-10ce-557f-8709-6885e2174f58"",""urn:uuid:f5f08ad9-8884-577a-94a9-e723a9c610cd"",""urn:uuid:520172e7-8292-5cf7-a666-c9c9168f03a3"",""urn:uuid:2ee2d34a-3b41-5f58-a1e5-5138104d38c8"",""urn:uuid:32927c38-e5d0-501f-a5c8-130c9dfa92b9"",""urn:uuid:aa28376c-62a2-511f-b565-b7763dd42962"",""urn:uuid:24d8d18b-4166-5373-9917-98d243c08e76"",""urn:uuid:b9bb7da8-269d-59a1-9f17-d0cac57cffbd"",""urn:uuid:80e54e3d-96ce-5af0-8536-d77862a2ab63"",""urn:uuid:9728b67a-3d69-58e4-a270-1f87a3f7d5a1"",""urn:uuid:2936d55d-1bca-5913-ab8a-ef11dda87ed3"",""urn:uuid:f3f961f7-7678-5471-afd3-2ca25a47ebc6"",""urn:uuid:b48442e9-d077-5705-8489-116977642a2c"",""urn:uuid:338da77c-ac41-5893-8930-18a144475a4b"",""urn:uuid:0ee0b303-2c83-5c0b-9238-c6d5278ba9cd"",""urn:uuid:95c307e0-24dc-5e6c-b240-5d7185fcb0a8"",""urn:uuid:1fbec07c-be1e-538b-9497-e42ac22da08c"",""urn:uuid:fb42279e-b613-59ef-ac7a-1563e6f7bb40"",""urn:uuid:83875123-ce4c-5797-8146-385e4f33f947"",""urn:uuid:b5eaea43-cc9f-5e66-81b9-bb1070abe1f9"",""urn:uuid:71abf4e1-cd23-557a-aa95-81d38af69e18"",""urn:uuid:29c3f791-ab72-5e5d-abb9-d59ba36902fd"",""urn:uuid:7ed577fa-cfca-5e03-938c-ba0c9e924312"",""urn:uuid:9684d87b-4e81-53e4-8a68-379b668c0599"",""urn:uuid:fa015717-fef7-5e17-b2a1-49b640b7fa7f"",""urn:uuid:06d19307-2210-5607-9cdd-83d85c6efda7"",""urn:uuid:03568127-f5b7-5465-829d-0ef42eb45dae"",""urn:uuid:381970aa-4718-5247-936e-d66ed3c29428"",""urn:uuid:4c0a5a8b-7b59-5177-8434-b16689f11fc1"",""urn:uuid:300777a9-e65c-559d-9403-8e0dbabfe098"",""urn:uuid:7aab8c2a-5da2-542d-9796-56798067e8ac"",""urn:uuid:22545a3e-91f1-53d4-bda1-dfe8c8ea9275"",""urn:uuid:67dcef05-e113-50c0-ad48-6cb732154d63"",""urn:uuid:742523f9-d320-50da-9a7c-9d5757f627e3"",""urn:uuid:177dde95-f6ef-5220-943a-9666bb22fa65"",""urn:uuid:557199ac-b3b1-5a39-a0f4-6a5470bc1c90"",""urn:uuid:c09e7ba0-68ef-5da0-8aa7-c316765db63c"",""urn:uuid:d72eeb04-a0f9-5bac-a65f-0919aa4105f6"",""urn:uuid:be384ac0-ebb6-5c60-a314-3b37483758e0"",""urn:uuid:bcd59507-dfb1-5c98-b17c-f9d481a24949"",""urn:uuid:ef686a49-e6ca-51b6-ba8b-bc518284c95a"",""urn:uuid:6342bd04-b9f9-52bd-beed-48e23c26f770"",""urn:uuid:e0063d3c-6672-52aa-a930-dd102a4e8963"",""urn:uuid:9977c455-dc88-53e6-b0ac-02a2d5a721ad"",""urn:uuid:a0356dc5-d581-5be9-84f4-9616e63a68a7"",""urn:uuid:99f13aaa-c29b-5063-9d5f-56b3fb980a38"",""urn:uuid:db69dc55-9e8f-5da5-85b6-1abf3eff388b"",""urn:uuid:c8010a22-9f9e-56a2-9dad-a8a51d52c6f9"",""urn:uuid:2aa6ee9f-37c8-52fd-a226-70d8827bc7d1"",""urn:uuid:5a053af9-277c-56fb-a783-585f69c257b5"",""urn:uuid:0f8f844e-ed87-5ef7-a3bf-14f88dcd71d4"",""urn:uuid:a95c40ab-45cf-5dcd-89fa-b253b616268c"",""urn:uuid:006a77f9-3182-517f-b459-ff6e437d9ac9"",""urn:uuid:4b6386c7-faa4-5e64-a24a-167e1e45647a"",""urn:uuid:6385995b-d311-5eab-90d1-502f2f827798"",""urn:uuid:a4e2f50d-2619-5f1e-8d58-dde30b853a80"",""urn:uuid:f265e996-6c1f-55c8-8182-ff495125732b"",""urn:uuid:48327155-473c-525c-8eea-ad3cc3fc6ea8"",""urn:uuid:86307d2f-2f63-5923-9aa4-d34ae7d61857"",""urn:uuid:29d68eca-ddc8-54a6-8fcb-81159eeee8e3"",""urn:uuid:2fe76229-57ca-5746-8ee0-8ec04a45d999"",""urn:uuid:3cde77b1-0310-593a-9057-c307d9b86497"",""urn:uuid:673291a9-360f-595f-b21d-b79632e4c451"",""urn:uuid:107e0149-6095-5941-91fb-65473992318b"",""urn:uuid:1380a46e-af5b-5a3f-a806-1fe3948ac028"",""urn:uuid:5b477002-9884-55c4-9b09-7db80c17dd77"",""urn:uuid:e7c1c39a-194d-5331-8593-3fe3d2bddff1"",""urn:uuid:1a51b0eb-9227-5e86-a673-c55b058f318e"",""urn:uuid:bb45275b-fa32-51ea-be5b-5ac3068be40a"",""urn:uuid:8f255716-483e-5e4c-a41d-2cf62a3eb128"",""urn:uuid:46d2f16d-8fbc-5cd2-b525-e3812c9203ec"",""urn:uuid:ac6f1c21-915f-5936-84f4-6ae0dd0029cd"",""urn:uuid:8fc3fc50-19d3-55cd-b2ee-8e80d508bafd"",""urn:uuid:5ab8c8e3-f1ac-5186-bdc2-59c68d9f692b"",""urn:uuid:4958af93-562d-5c3f-8461-ccff28e34239"",""urn:uuid:df07d93c-9a9b-53e9-9873-d04233420181"",""urn:uuid:a9f9d98e-3e34-5f10-bb98-a462301e39a2"",""urn:uuid:a9830a3d-9400-5dcf-b158-d12eef39f87e"",""urn:uuid:e5087044-e311-58a9-9518-e6260d08f6d2"",""urn:uuid:f67786ad-a4a0-5cd0-8e01-cde1cede36f8"",""urn:uuid:25f0b1cf-8bba-5e7b-954b-bab2c5082b52"",""urn:uuid:4fe98911-a101-5572-8f1c-d3981338d7dc"",""urn:uuid:d868d878-fedd-54ad-9750-ed89942a266f"",""urn:uuid:1d859d1c-1c9a-5ed0-b217-18d84ab9d31c"",""urn:uuid:9c558521-85f6-5273-aeaf-bf3e82984c44"",""urn:uuid:6109a363-4e80-5718-afa1-d649701a315f"",""urn:uuid:9e15d01f-a36c-55ca-8056-a65965ff25f3"",""urn:uuid:acb7239d-3871-5c98-b89b-340f10bf7869"",""urn:uuid:746acd25-7e97-5e85-b109-bbf9edd60e4c"",""urn:uuid:07eea9eb-33f5-56ef-841a-5680868459df"",""urn:uuid:f1281f63-da28-50c3-a446-7e461e09bfba"",""urn:uuid:df94c782-e62f-58cd-b928-91f4738cc655"",""urn:uuid:336568ed-4c35-520a-abeb-12c044735254"",""urn:uuid:f2f7f88b-df96-5c80-bba1-e3dad387a798"",""urn:uuid:f4d012d6-0e83-5857-86e4-66a62d79af28"",""urn:uuid:0cdcca87-80b3-50de-aaf9-fc1dcdde862d"",""urn:uuid:876e27e5-eae8-52df-8fb4-d5db01f34dd1"",""urn:uuid:b20380de-6bf8-551e-b3c9-5bf691e3214d"",""urn:uuid:9f10435e-1300-5a26-8247-67186ab1602a"",""urn:uuid:2329aaa4-fa2f-5272-9a96-8d6ff11fe543"",""urn:uuid:107efdd7-ac5e-59dd-bd12-ac00236a367f"",""urn:uuid:93e0b5cf-4d02-59da-a380-309dc07af62d"",""urn:uuid:4d9e7323-db40-5b1c-bb4b-a5cc5f7b5964"",""urn:uuid:1cbd0b5c-f479-5f99-814b-01da0b478871"",""urn:uuid:e689d7fb-5d95-563f-97df-47a0c760070f"",""urn:uuid:d77b6015-ecd1-5170-8626-cd655d8ce5db"",""urn:uuid:7cb84a41-5343-5e6f-9cfd-918a318eb4de"",""urn:uuid:27d51352-baf7-51c1-becf-3a4f2e30396a"",""urn:uuid:67b0e3a7-29be-5a6f-bb6e-8bd67164d3ce"",""urn:uuid:eae52a1b-c601-5ce1-a2fa-be9ef79a3623"",""urn:uuid:1a1d5f41-ecc2-50b0-8fb6-b16125bc9e43"",""urn:uuid:74dfdcc9-64c6-5bd4-a865-3a4cb1f2b517"",""urn:uuid:e9c85d27-cd9c-5926-9ec8-de58c4e2555e"",""urn:uuid:ed1d3fb2-4783-5ea8-a5d2-ea13c2956306"",""urn:uuid:eb8a3b33-588a-5145-a090-52d5c6c8af5b"",""urn:uuid:e7119ce5-3f28-57ce-a720-768aeda10771"",""urn:uuid:390fb8a0-a5a9-5b34-8b3e-52ae4b351275"",""urn:uuid:a98cb44d-9deb-5223-94a5-0f2874610652"",""urn:uuid:39385c61-31b6-5651-99c7-bf73d1ed728b"",""urn:uuid:a385d19b-9f21-5ee4-8ae7-b1088396558e"",""urn:uuid:22f9ddff-4033-5336-91da-7c5a52741453"",""urn:uuid:bd84730f-da6e-5e00-a3b2-44010f3c30d4"",""urn:uuid:c7696154-d63e-5ba9-91e4-caffe532a8c9"",""urn:uuid:a5a8a5ee-d1e4-5bfd-864e-1422d8a62023"",""urn:uuid:718635bb-6f37-5941-bb26-b717b290ee31"",""urn:uuid:bde83178-8af0-593e-bee3-3cf5b40ff562"",""urn:uuid:28d71dda-9c2e-5b76-812f-77e653321a1c"",""urn:uuid:ff921163-a50f-5687-96cb-aac7c3fe6c99"",""urn:uuid:04e5ff9f-3af1-54e4-9908-96de6922d761"",""urn:uuid:136ea3c2-ea6b-528b-b837-c9ef0248379d"",""urn:uuid:73950d71-0858-5db5-bd16-4fb7c63c5dbc""],""record_type"":""artifact"",""recorded_at"":""2026-08-21T00:00:00Z"",""rights_id"":""urn:uuid:2d8dd580-22d9-5cfe-b865-6ed6b59af68e"",""schema_name"":""lebl.backend.record"",""schema_version"":""0.3.0"",""semantic_aliases"":[],""semantic_key"":""lebl.ra.artifact.terminology-v0.3-r006-live-checkpoint"",""sha256"":""sha256:edf93094bcf3e19941799183293629aaa09b41ec05d2f30a6cf846271c8e9ddc"",""status"":""active"",""supersedes_id"":null,""toolchain"":[""exact frozen admitted-terminology byte snapshot""],""workflow_id"":""01a01f57-a34b-7740-9717-596b8116910c/backend-production-v0.3-r006-live""}"
"urn:uuid:dd7c86d8-586e-5a0a-9244-2baa4bd50c84","lebl.shared.artifact.solution-gap-summary-v0.3-volume1-checkpoint","json","backend/production/v0.3/solution_gap_summary.json","10735","sha256:8f45a949beb1f9630b673883fd69f3a3830b2d08fb6fd1690db080631a699309","[""v0.2 solution-gap summary with the exact v0.3 R006 boundary appended""]","[""urn:uuid:884aba97-efd2-550c-a975-a98df314c5d8"",""urn:uuid:372b97ed-b680-56ea-830b-7b6748d2b465"",""urn:uuid:907ee9c9-fa99-55d1-bcff-29cdb73cd396""]","[]","urn:uuid:2d8dd580-22d9-5cfe-b865-6ed6b59af68e","active","{""artifact_kind"":""json"",""bytes"":10735,""id"":""urn:uuid:dd7c86d8-586e-5a0a-9244-2baa4bd50c84"",""manifest_ids"":[],""path"":""backend/production/v0.3/solution_gap_summary.json"",""produced_from_ids"":[""urn:uuid:884aba97-efd2-550c-a975-a98df314c5d8"",""urn:uuid:372b97ed-b680-56ea-830b-7b6748d2b465"",""urn:uuid:907ee9c9-fa99-55d1-bcff-29cdb73cd396""],""record_type"":""artifact"",""recorded_at"":""2026-08-21T00:00:00Z"",""rights_id"":""urn:uuid:2d8dd580-22d9-5cfe-b865-6ed6b59af68e"",""schema_name"":""lebl.backend.record"",""schema_version"":""0.3.0"",""semantic_aliases"":[],""semantic_key"":""lebl.shared.artifact.solution-gap-summary-v0.3-volume1-checkpoint"",""sha256"":""sha256:8f45a949beb1f9630b673883fd69f3a3830b2d08fb6fd1690db080631a699309"",""status"":""active"",""supersedes_id"":null,""toolchain"":[""v0.2 solution-gap summary with the exact v0.3 R006 boundary appended""],""workflow_id"":""01a01f57-a34b-7740-9717-596b8116910c/backend-production-v0.3-r006-live""}"
"urn:uuid:1050a9d6-5306-5535-8f19-d323cb98858e","lebl.shared.artifact.v0.2-record-stream-seed-for-v0.3","jsonl","backend/production/v0.2/records.jsonl","1116969","sha256:c0e97748bda5d50be56e0799362dd47e08861c68334c9b4a39d1d301871db06c","[""immutable v0.2 metadata seed; only resource, edition, rights, and asset records imported""]","[]","[]","urn:uuid:2d8dd580-22d9-5cfe-b865-6ed6b59af68e","active","{""artifact_kind"":""jsonl"",""bytes"":1116969,""id"":""urn:uuid:1050a9d6-5306-5535-8f19-d323cb98858e"",""manifest_ids"":[],""path"":""backend/production/v0.2/records.jsonl"",""produced_from_ids"":[],""record_type"":""artifact"",""recorded_at"":""2026-08-21T00:00:00Z"",""rights_id"":""urn:uuid:2d8dd580-22d9-5cfe-b865-6ed6b59af68e"",""schema_name"":""lebl.backend.record"",""schema_version"":""0.3.0"",""semantic_aliases"":[],""semantic_key"":""lebl.shared.artifact.v0.2-record-stream-seed-for-v0.3"",""sha256"":""sha256:c0e97748bda5d50be56e0799362dd47e08861c68334c9b4a39d1d301871db06c"",""status"":""active"",""supersedes_id"":null,""toolchain"":[""immutable v0.2 metadata seed; only resource, edition, rights, and asset records imported""],""workflow_id"":""01a01f57-a34b-7740-9717-596b8116910c/backend-production-v0.3-r006-live""}"
"urn:uuid:0633a7a0-f9ef-5e24-9dcb-23a89c194e1e","lebl.ra.artifact.adverse-ledger-v0.3-r006-live-checkpoint","jsonl","backend/production/v0.3/inputs/ADVERSE_LEDGER.jsonl","78423","sha256:e6e80131e479a19afd56d702ddd8ce14716d1b507739f3c4ac9082708dba81dc","[""exact frozen adverse-ledger byte snapshot""]","[""urn:uuid:a9d15370-5513-53dd-9d0a-3d1ecf249e40"",""urn:uuid:7093e3b3-60ae-52d6-a959-f96f4d435211"",""urn:uuid:10801730-cff3-59da-ba7d-d5b21e87a705"",""urn:uuid:ddee1851-5289-55ad-91c7-32ad6f16ebac"",""urn:uuid:08788ea4-162a-5964-a489-2158df147ce8"",""urn:uuid:c228abf3-f85b-545d-b664-30664f472bf1"",""urn:uuid:81e5ae8f-2f40-5b12-beaf-54d464f8cf31"",""urn:uuid:55a68b63-a215-50b3-b4bb-04b611d95be6"",""urn:uuid:57487fc8-c168-564f-ab73-7280739a0628"",""urn:uuid:9c0c75cf-f33f-5574-99d5-db374b970649"",""urn:uuid:b0cd8183-436a-5680-bf5b-926c300eaf6d"",""urn:uuid:8d24766b-4d97-5420-aa7f-997852999b6d"",""urn:uuid:5b7d3731-9807-590a-9496-7f13c1830fea"",""urn:uuid:12d04a06-252a-5de2-bd06-de7fac03168e"",""urn:uuid:fcef05a0-6861-5785-875e-e1092c6f8fa8"",""urn:uuid:61cf22f4-b756-58f4-a84b-fd3bba4ebd7c"",""urn:uuid:14584b97-2f2e-55c5-92ce-b8792008dad2"",""urn:uuid:2ac1b9ed-5000-5fa4-b7fa-530c8ab134d7"",""urn:uuid:9247c3d2-76fb-5884-9d0d-bd94854b689f"",""urn:uuid:ca95efc0-f298-5fcf-808e-d8772570b289"",""urn:uuid:4a6a8957-da61-5daa-97bb-611ed88c6a3b"",""urn:uuid:e0bc579c-03ab-511b-968e-ab3232291a61"",""urn:uuid:47b66ebc-0fc0-5d2e-ab8f-b664b8281125"",""urn:uuid:9eda3afc-78c1-5af8-a0e6-575160d40303"",""urn:uuid:edfd7dc8-a21d-5d0e-9fc4-db9852aa973e"",""urn:uuid:c9dabfe5-cc17-569e-9585-d7d4250c0d8b"",""urn:uuid:7d098f18-ea55-5f41-b5bf-b8b58dfbd030"",""urn:uuid:8b5348d5-8d35-549e-a807-66e17a908b30"",""urn:uuid:282cd58c-b006-564d-b7b7-aaedecd2fea5"",""urn:uuid:3fea208b-4d56-5278-b080-0ff7216de363"",""urn:uuid:db5fee6e-1ba4-5aa7-bd55-7aad1946c7bb"",""urn:uuid:a44da8a3-8903-5e6d-89f0-fe17352532b1"",""urn:uuid:a0895356-891a-5c8f-a590-e30b894dc4dd"",""urn:uuid:aa5f5595-7218-55af-b2b7-4b0ee5b116b2"",""urn:uuid:cc84c4e8-4733-5e09-bf95-f007b503eb87"",""urn:uuid:77812c20-40f0-5a00-b108-a8f260db6ca6"",""urn:uuid:23d9653c-3264-5437-8b84-79eb75133eb4"",""urn:uuid:9ab95623-7ae1-557e-b120-a4322322a046"",""urn:uuid:e8880b21-655f-5c95-93c7-9f1edc5652f0"",""urn:uuid:9e5dce5a-5f5b-50fe-b4a8-dc38b81059c2"",""urn:uuid:288e01f8-1cac-5ae5-9735-46998a2e78fc"",""urn:uuid:7bc5e0f9-ac9a-5b58-87db-b5c95f2b705d"",""urn:uuid:f870b1b5-7faf-5789-a660-fd60ce3841f5"",""urn:uuid:bdd63f83-fafe-59c5-b2f6-1de522f03cfa"",""urn:uuid:3aab4309-05fb-57f3-b4af-f7effd7d407d"",""urn:uuid:906455c9-0cd8-5253-a5c5-2578a4b00a92"",""urn:uuid:a955ce5e-74ca-53c7-ae55-6c91b5b99744"",""urn:uuid:6b9c865e-5aea-5887-a1de-9a0322ee7f9e"",""urn:uuid:b81d3c49-f596-5eed-b531-0452d4ad6a27"",""urn:uuid:32979992-2f8a-551e-bb3f-a53ca1e8681d"",""urn:uuid:71cbb30a-0982-5d8c-9f77-89cc52263498"",""urn:uuid:2a08efa1-8929-5471-9f05-4f26c906e571"",""urn:uuid:77628cd5-f0bf-5792-a2de-d832ca664a9a"",""urn:uuid:a99b8817-7686-5cf0-93f5-757aec6b4f6c"",""urn:uuid:0994aef3-ad5a-5841-a512-ed5fd80ba239"",""urn:uuid:52cde194-14e9-5fc6-a111-275e88380af1"",""urn:uuid:7b01f022-b3f4-59fe-bc15-778d7fc848d2"",""urn:uuid:0970b3e9-17f4-55b6-96d1-4d0f33d9366c"",""urn:uuid:018cc700-b993-5441-81ad-947cf71fe204"",""urn:uuid:24a8932c-fe97-5c85-8100-58ebcc9a781f"",""urn:uuid:e4d55952-89d7-57f3-8a23-f5e6fc2b1712"",""urn:uuid:02a15426-2f6b-5a5a-ac8e-591f131f73b1"",""urn:uuid:d26218d6-d7f1-5e07-9cd9-08f33ee8c56a"",""urn:uuid:e4a903e9-c051-548c-96b2-90d74c62283d"",""urn:uuid:23b9c819-5ab3-5aee-8673-801c4d155cdc"",""urn:uuid:473617f1-f28b-55a0-858d-218061a99893"",""urn:uuid:ea9a4016-1fc0-5a5c-9f3c-4010c3f3d7a9"",""urn:uuid:5f08b609-c8e0-56c8-ad2e-fcb3bb4e827f"",""urn:uuid:43969cbb-2b0a-572a-aad8-8f494d0be6c1"",""urn:uuid:c3001438-faf5-5746-8fef-41beaf526c28"",""urn:uuid:6f083136-a2e8-5541-a90f-0a3999873f13"",""urn:uuid:d8e0587c-dcc0-5855-9e31-3a5b7f1c4810"",""urn:uuid:4a847dfa-4f90-5489-bb06-9c48c49604a8"",""urn:uuid:a974df38-cdb8-53f4-a304-04ac14581514"",""urn:uuid:ae2f622f-99c9-560d-80db-7b8293300bf3"",""urn:uuid:3af64e92-1c07-5d3e-a101-04c551803748"",""urn:uuid:a8dba350-394d-5ff1-af29-0503d527a4f6"",""urn:uuid:3b3283f2-a8c5-5428-9aa9-e004f99384bb"",""urn:uuid:8cff972c-c9cb-5443-94a8-7e379e119118"",""urn:uuid:5971c2eb-70ef-58e1-8551-74fe29cbc0ff"",""urn:uuid:ddd5fe82-fb94-5bd8-ba46-81a49462abeb"",""urn:uuid:5a020b95-b972-50d1-9b48-03feefdab048"",""urn:uuid:35b0da00-1c35-5e66-a1af-8c3edec54b27"",""urn:uuid:3ae6275f-4a86-53ac-9fed-60f208e20a75"",""urn:uuid:cde2c6c2-ea98-503b-9cd7-8f75ca11171c"",""urn:uuid:1233d031-4c20-5c06-a2a6-334f9be046ea"",""urn:uuid:6f59d171-9cf0-5634-953b-188839615630"",""urn:uuid:a67113b4-f219-5001-a2e0-b45848bcb1e8"",""urn:uuid:30aa2d5b-63d5-5f70-911a-fc3901993e7a"",""urn:uuid:d4f4cb71-2b8d-502f-9387-49f368c4a7f0"",""urn:uuid:a9a0213d-1823-5fa3-b18c-3b284915278f"",""urn:uuid:8e9b91a1-193f-5e31-a98f-672ebc038bef"",""urn:uuid:fd9a2f3f-06af-5e76-8817-1f24b72c64d4"",""urn:uuid:d51cd8c3-4f87-5acb-bb13-35a08118a3fb""]","[]","urn:uuid:2d8dd580-22d9-5cfe-b865-6ed6b59af68e","active","{""artifact_kind"":""jsonl"",""bytes"":78423,""id"":""urn:uuid:0633a7a0-f9ef-5e24-9dcb-23a89c194e1e"",""manifest_ids"":[],""path"":""backend/production/v0.3/inputs/ADVERSE_LEDGER.jsonl"",""produced_from_ids"":[""urn:uuid:a9d15370-5513-53dd-9d0a-3d1ecf249e40"",""urn:uuid:7093e3b3-60ae-52d6-a959-f96f4d435211"",""urn:uuid:10801730-cff3-59da-ba7d-d5b21e87a705"",""urn:uuid:ddee1851-5289-55ad-91c7-32ad6f16ebac"",""urn:uuid:08788ea4-162a-5964-a489-2158df147ce8"",""urn:uuid:c228abf3-f85b-545d-b664-30664f472bf1"",""urn:uuid:81e5ae8f-2f40-5b12-beaf-54d464f8cf31"",""urn:uuid:55a68b63-a215-50b3-b4bb-04b611d95be6"",""urn:uuid:57487fc8-c168-564f-ab73-7280739a0628"",""urn:uuid:9c0c75cf-f33f-5574-99d5-db374b970649"",""urn:uuid:b0cd8183-436a-5680-bf5b-926c300eaf6d"",""urn:uuid:8d24766b-4d97-5420-aa7f-997852999b6d"",""urn:uuid:5b7d3731-9807-590a-9496-7f13c1830fea"",""urn:uuid:12d04a06-252a-5de2-bd06-de7fac03168e"",""urn:uuid:fcef05a0-6861-5785-875e-e1092c6f8fa8"",""urn:uuid:61cf22f4-b756-58f4-a84b-fd3bba4ebd7c"",""urn:uuid:14584b97-2f2e-55c5-92ce-b8792008dad2"",""urn:uuid:2ac1b9ed-5000-5fa4-b7fa-530c8ab134d7"",""urn:uuid:9247c3d2-76fb-5884-9d0d-bd94854b689f"",""urn:uuid:ca95efc0-f298-5fcf-808e-d8772570b289"",""urn:uuid:4a6a8957-da61-5daa-97bb-611ed88c6a3b"",""urn:uuid:e0bc579c-03ab-511b-968e-ab3232291a61"",""urn:uuid:47b66ebc-0fc0-5d2e-ab8f-b664b8281125"",""urn:uuid:9eda3afc-78c1-5af8-a0e6-575160d40303"",""urn:uuid:edfd7dc8-a21d-5d0e-9fc4-db9852aa973e"",""urn:uuid:c9dabfe5-cc17-569e-9585-d7d4250c0d8b"",""urn:uuid:7d098f18-ea55-5f41-b5bf-b8b58dfbd030"",""urn:uuid:8b5348d5-8d35-549e-a807-66e17a908b30"",""urn:uuid:282cd58c-b006-564d-b7b7-aaedecd2fea5"",""urn:uuid:3fea208b-4d56-5278-b080-0ff7216de363"",""urn:uuid:db5fee6e-1ba4-5aa7-bd55-7aad1946c7bb"",""urn:uuid:a44da8a3-8903-5e6d-89f0-fe17352532b1"",""urn:uuid:a0895356-891a-5c8f-a590-e30b894dc4dd"",""urn:uuid:aa5f5595-7218-55af-b2b7-4b0ee5b116b2"",""urn:uuid:cc84c4e8-4733-5e09-bf95-f007b503eb87"",""urn:uuid:77812c20-40f0-5a00-b108-a8f260db6ca6"",""urn:uuid:23d9653c-3264-5437-8b84-79eb75133eb4"",""urn:uuid:9ab95623-7ae1-557e-b120-a4322322a046"",""urn:uuid:e8880b21-655f-5c95-93c7-9f1edc5652f0"",""urn:uuid:9e5dce5a-5f5b-50fe-b4a8-dc38b81059c2"",""urn:uuid:288e01f8-1cac-5ae5-9735-46998a2e78fc"",""urn:uuid:7bc5e0f9-ac9a-5b58-87db-b5c95f2b705d"",""urn:uuid:f870b1b5-7faf-5789-a660-fd60ce3841f5"",""urn:uuid:bdd63f83-fafe-59c5-b2f6-1de522f03cfa"",""urn:uuid:3aab4309-05fb-57f3-b4af-f7effd7d407d"",""urn:uuid:906455c9-0cd8-5253-a5c5-2578a4b00a92"",""urn:uuid:a955ce5e-74ca-53c7-ae55-6c91b5b99744"",""urn:uuid:6b9c865e-5aea-5887-a1de-9a0322ee7f9e"",""urn:uuid:b81d3c49-f596-5eed-b531-0452d4ad6a27"",""urn:uuid:32979992-2f8a-551e-bb3f-a53ca1e8681d"",""urn:uuid:71cbb30a-0982-5d8c-9f77-89cc52263498"",""urn:uuid:2a08efa1-8929-5471-9f05-4f26c906e571"",""urn:uuid:77628cd5-f0bf-5792-a2de-d832ca664a9a"",""urn:uuid:a99b8817-7686-5cf0-93f5-757aec6b4f6c"",""urn:uuid:0994aef3-ad5a-5841-a512-ed5fd80ba239"",""urn:uuid:52cde194-14e9-5fc6-a111-275e88380af1"",""urn:uuid:7b01f022-b3f4-59fe-bc15-778d7fc848d2"",""urn:uuid:0970b3e9-17f4-55b6-96d1-4d0f33d9366c"",""urn:uuid:018cc700-b993-5441-81ad-947cf71fe204"",""urn:uuid:24a8932c-fe97-5c85-8100-58ebcc9a781f"",""urn:uuid:e4d55952-89d7-57f3-8a23-f5e6fc2b1712"",""urn:uuid:02a15426-2f6b-5a5a-ac8e-591f131f73b1"",""urn:uuid:d26218d6-d7f1-5e07-9cd9-08f33ee8c56a"",""urn:uuid:e4a903e9-c051-548c-96b2-90d74c62283d"",""urn:uuid:23b9c819-5ab3-5aee-8673-801c4d155cdc"",""urn:uuid:473617f1-f28b-55a0-858d-218061a99893"",""urn:uuid:ea9a4016-1fc0-5a5c-9f3c-4010c3f3d7a9"",""urn:uuid:5f08b609-c8e0-56c8-ad2e-fcb3bb4e827f"",""urn:uuid:43969cbb-2b0a-572a-aad8-8f494d0be6c1"",""urn:uuid:c3001438-faf5-5746-8fef-41beaf526c28"",""urn:uuid:6f083136-a2e8-5541-a90f-0a3999873f13"",""urn:uuid:d8e0587c-dcc0-5855-9e31-3a5b7f1c4810"",""urn:uuid:4a847dfa-4f90-5489-bb06-9c48c49604a8"",""urn:uuid:a974df38-cdb8-53f4-a304-04ac14581514"",""urn:uuid:ae2f622f-99c9-560d-80db-7b8293300bf3"",""urn:uuid:3af64e92-1c07-5d3e-a101-04c551803748"",""urn:uuid:a8dba350-394d-5ff1-af29-0503d527a4f6"",""urn:uuid:3b3283f2-a8c5-5428-9aa9-e004f99384bb"",""urn:uuid:8cff972c-c9cb-5443-94a8-7e379e119118"",""urn:uuid:5971c2eb-70ef-58e1-8551-74fe29cbc0ff"",""urn:uuid:ddd5fe82-fb94-5bd8-ba46-81a49462abeb"",""urn:uuid:5a020b95-b972-50d1-9b48-03feefdab048"",""urn:uuid:35b0da00-1c35-5e66-a1af-8c3edec54b27"",""urn:uuid:3ae6275f-4a86-53ac-9fed-60f208e20a75"",""urn:uuid:cde2c6c2-ea98-503b-9cd7-8f75ca11171c"",""urn:uuid:1233d031-4c20-5c06-a2a6-334f9be046ea"",""urn:uuid:6f59d171-9cf0-5634-953b-188839615630"",""urn:uuid:a67113b4-f219-5001-a2e0-b45848bcb1e8"",""urn:uuid:30aa2d5b-63d5-5f70-911a-fc3901993e7a"",""urn:uuid:d4f4cb71-2b8d-502f-9387-49f368c4a7f0"",""urn:uuid:a9a0213d-1823-5fa3-b18c-3b284915278f"",""urn:uuid:8e9b91a1-193f-5e31-a98f-672ebc038bef"",""urn:uuid:fd9a2f3f-06af-5e76-8817-1f24b72c64d4"",""urn:uuid:d51cd8c3-4f87-5acb-bb13-35a08118a3fb""],""record_type"":""artifact"",""recorded_at"":""2026-08-21T00:00:00Z"",""rights_id"":""urn:uuid:2d8dd580-22d9-5cfe-b865-6ed6b59af68e"",""schema_name"":""lebl.backend.record"",""schema_version"":""0.3.0"",""semantic_aliases"":[],""semantic_key"":""lebl.ra.artifact.adverse-ledger-v0.3-r006-live-checkpoint"",""sha256"":""sha256:e6e80131e479a19afd56d702ddd8ce14716d1b507739f3c4ac9082708dba81dc"",""status"":""active"",""supersedes_id"":null,""toolchain"":[""exact frozen adverse-ledger byte snapshot""],""workflow_id"":""01a01f57-a34b-7740-9717-596b8116910c/backend-production-v0.3-r006-live""}"
"urn:uuid:49c1bd6e-3245-559e-96cf-cc1fb55a9cbc","lebl.ra.artifact.translation-manifest-v0.3-r006-live-checkpoint","jsonl","backend/production/v0.3/inputs/TRANSLATION_MANIFEST.jsonl","209274","sha256:aa49b93adf9708aeb648b1213eb4632a553769799232318463ad6729d6068041","[""exact frozen live-manifest byte snapshot""]","[""urn:uuid:939707be-b74a-5a95-bd95-8c735b1e833b"",""urn:uuid:0d309b4b-5ed5-591e-ae01-0f9998b6e636"",""urn:uuid:3f44e8af-3d83-5c87-aa80-f1728067d86b"",""urn:uuid:b4209c3a-f622-5a20-970a-2d368274b2ca"",""urn:uuid:7f928d37-20cd-5886-b39b-bf4e0bd6a96a"",""urn:uuid:0b0eab53-d3ad-5ea3-8601-a2ef84432794"",""urn:uuid:7f8e66cf-3109-5f23-9844-9c908f758dc1"",""urn:uuid:e201de2b-d9cf-5b6f-a024-59d8e9d1eb5e"",""urn:uuid:5d76c92d-7645-58a7-b511-627d122b36ae"",""urn:uuid:2837e60f-acf7-5e86-a501-8f62652409ba"",""urn:uuid:5d545ba2-e395-59cd-85bb-93e658fcfedf"",""urn:uuid:159a2cfc-1ebf-5d51-be28-128847eaf02a"",""urn:uuid:c51b8e6b-1f60-5fe0-abc6-0582bbb388c6"",""urn:uuid:6d50832d-e7da-5a20-9070-822460348a4b"",""urn:uuid:7409146c-e0e2-55e4-a64d-a78ecf27d7bf"",""urn:uuid:00227bb8-30ad-5e16-b28f-16a37e8eb65e"",""urn:uuid:802c58bd-fbcc-538c-bf3f-e1fe853d5a20"",""urn:uuid:43a0a24a-1885-5cbc-b75b-49489a717ade"",""urn:uuid:9c5f1db6-ac33-5a4d-9adb-27e085266c45"",""urn:uuid:3d785131-bde9-5325-b269-0fb7da706bd6"",""urn:uuid:067468e8-280d-5ad6-96b4-89cc10e609ad"",""urn:uuid:0f253bac-3e2c-5e0f-ac96-01c95264a866"",""urn:uuid:2fbb1bce-6e2d-5f70-9c99-e9c4ca688b84"",""urn:uuid:6d1c2f5d-b696-5419-8c7d-2a69dd457573"",""urn:uuid:3438abc5-ea71-5451-ae65-71acd8e856a6"",""urn:uuid:ce36a958-940c-5cb8-b84e-cf6dd28e88f3"",""urn:uuid:0606e584-e38d-51a0-a41d-1fba7f906911"",""urn:uuid:76dd3ba2-1ab2-5af4-911b-e93f37eb4c30"",""urn:uuid:435d76fa-71cb-5b5d-ab60-4761e29ed6f5"",""urn:uuid:7bc0ec22-80d7-56b5-ae9b-a7b0fbe6b8a9"",""urn:uuid:7f287ebd-b151-5c33-b342-d94e6f23ff12"",""urn:uuid:fd92226d-b32f-5644-aa99-e92705c2ec0b"",""urn:uuid:3be96112-43d1-5060-bcab-2acd5131779c"",""urn:uuid:6b252441-3578-5244-8607-87d0203dcbf0"",""urn:uuid:c5778dd5-30df-542c-b0d2-e1e3964e6022"",""urn:uuid:39c312ec-759e-5900-8a0e-234276d1765a"",""urn:uuid:7938200f-b272-515c-b59a-45c20bb3bce7"",""urn:uuid:d1feaaaa-c779-55b2-bcbc-1e4b3cf85906"",""urn:uuid:6b4fa0fe-6f3a-5040-9b76-43f55e5e08fc"",""urn:uuid:f0f60925-8984-5c65-9056-d4a49e38e1b9"",""urn:uuid:7b8a0aed-9845-5e79-b1c7-5941dfe8743d"",""urn:uuid:589367ac-9c70-5147-bde3-45f1cbdc6f3a"",""urn:uuid:c027b2f0-36d6-5759-a86d-6f7f70be8412"",""urn:uuid:fd9928a9-f5b3-5c74-9a7a-afb15ee64c4f"",""urn:uuid:07374870-7c31-523d-a8d8-071c22b9c84c"",""urn:uuid:a88ea0a1-fef5-5c8f-a71a-63717c1b153e"",""urn:uuid:f98b1a96-1a5f-5b4a-89e1-e608cf889370"",""urn:uuid:277e45e5-87c8-50d4-9df1-f88fb12d81d9"",""urn:uuid:ac5dd45e-0ab8-571a-9274-37a0aced8b48"",""urn:uuid:73f76bbb-1849-5ed0-8b5e-05f3da85fcaf"",""urn:uuid:727aa567-3d79-5ce7-9f35-6aae66f62e2b"",""urn:uuid:2ec55e9b-0867-5f37-9e04-cc59c03a9e6f"",""urn:uuid:e063ebb9-cf59-518f-8ae7-33c835b7197b"",""urn:uuid:46258053-8995-5d95-ba66-96e1a0ca7f57"",""urn:uuid:71a1b53b-7ab6-5ac0-b670-808842ab0782"",""urn:uuid:8c23380e-5abc-5fa7-b1c5-6d52ef9c53b6"",""urn:uuid:8630be08-2901-5602-9626-c0cf026a12f8"",""urn:uuid:674c29ba-8653-54fe-97ff-2cbfc0dc2b49"",""urn:uuid:f0c5e6fe-62b7-5cc2-9c64-105c563b31c5"",""urn:uuid:fa161314-4a7c-580b-b878-3b18f83716a2"",""urn:uuid:32bbfa4a-36d4-504d-ae7f-b2b932067cc6"",""urn:uuid:2eef93b3-7f3f-55f0-9a62-569b27928de3"",""urn:uuid:32056342-6788-5bc3-9c6b-2d68a22f08c1"",""urn:uuid:d201dccf-a0cd-5ff1-96fb-e8f29b934141"",""urn:uuid:cd85506b-6844-5aa8-a2f6-b1f5783f2311"",""urn:uuid:dfbec4f7-f1fb-5043-80aa-dd9e18c40904"",""urn:uuid:2d2d2e6f-9132-5ce5-956f-f2d60eaea162"",""urn:uuid:9ab75a11-3744-510c-8967-9a46bdcdc135"",""urn:uuid:be4cea84-440b-538a-aba8-06c64bb6b513"",""urn:uuid:2be2de0c-644f-5967-bb6f-58b6fcea7569"",""urn:uuid:f0bf3009-b561-5e98-a737-e39ab057cd2d"",""urn:uuid:c910552d-d536-578d-b4bc-df784fcfe304"",""urn:uuid:a270f909-e582-52fa-839e-5f16a15a38fc"",""urn:uuid:8f0ab7fa-1596-5fa3-b492-64d58e22acbc"",""urn:uuid:220b0b5f-5464-5d10-8e91-e007ab89cc95"",""urn:uuid:6efdbd5a-85be-5c80-8709-a4cfed6f86c6"",""urn:uuid:9e5560f7-5424-501a-91f2-bb372fb7e0c9"",""urn:uuid:7e41849b-cc90-593f-8edf-08227e59f3d6"",""urn:uuid:42820b3e-fb8d-5b2e-aed4-ba8b3a245b4e"",""urn:uuid:0fdb7dc0-7c92-579e-97e7-002626473054"",""urn:uuid:a2e4c4f6-f89c-57fa-86b6-6c0737f03429"",""urn:uuid:583e0cd8-9ff4-57ff-8bd8-55a4b6ec5483"",""urn:uuid:2abef04b-2d4d-5238-8c86-7297c9dcec73"",""urn:uuid:2244cd35-5995-52c5-bfe8-640ade304fd5"",""urn:uuid:4c3f52ca-7c43-5dce-8d0d-56e372886789"",""urn:uuid:1fa8b22b-112e-56e5-8c26-75cfdc375563"",""urn:uuid:1c7fb31c-f936-5801-8352-8354326ed5c8"",""urn:uuid:16871195-c52d-50d1-a2cf-3a5e063ab8bd"",""urn:uuid:f6b90b3c-7203-5bb2-877b-6c71d7842611"",""urn:uuid:1d05571f-9548-5c94-a6a9-7dd7716adf5a"",""urn:uuid:54af0ff3-80e7-5ecc-a3e1-c2806c999896"",""urn:uuid:f523812d-ad23-5250-97a8-88617ac2101e"",""urn:uuid:5bcbc34d-9943-572d-9a58-0f00e0c0c62f"",""urn:uuid:63708803-214f-5a25-84c4-6946233f282c"",""urn:uuid:0ca6e51d-4663-5814-83e2-289fa2803f20"",""urn:uuid:67a80b01-e07b-5529-9b3e-314b636a2570"",""urn:uuid:9bcd2e4f-c3a1-56ce-af36-7d94c43bbb1b"",""urn:uuid:8464650a-4003-5dd6-aeb3-c8a881811cf3"",""urn:uuid:1d4fc966-6b2d-56b2-a4a7-ca0f332cb60c"",""urn:uuid:3f284491-cb5b-5fc4-ab5e-ff942a75895e"",""urn:uuid:d55d3893-afc0-5386-8d83-371e86292b77"",""urn:uuid:90d834f9-e546-558e-ab4e-aa4cbf78c62c"",""urn:uuid:248b46e9-2aec-509f-a567-661f75e87778"",""urn:uuid:891e6de1-81d7-5205-bf64-92fccef6036a"",""urn:uuid:1c3448f2-9226-514e-8d93-e2ea5f2e1de2"",""urn:uuid:415347de-13ca-5e87-9968-1cfa1286683d"",""urn:uuid:bcf6a6c9-a4b4-5c1e-ba58-230dc7588475"",""urn:uuid:3be013f5-7f1d-5048-984e-1cb684a53ed0"",""urn:uuid:b4ecd3e6-f415-5f9b-a575-3bb9824b2c39"",""urn:uuid:3e77fced-eddc-54cf-8578-c407389dd7cf"",""urn:uuid:7d18f466-c47f-5b58-b647-1b10e3a6a0b7"",""urn:uuid:34e28bfb-c451-5dee-92b6-28da4d6ffbfe"",""urn:uuid:44b8e35b-2da4-5e87-aa3d-b7b986b8f28f"",""urn:uuid:d12ce00c-29a3-5451-a73d-d3a85ff86488"",""urn:uuid:f06ef48e-c08e-56db-b7dc-8bfe2f33c377"",""urn:uuid:0294cc57-9426-5f38-8fc5-3df88fc762b3"",""urn:uuid:4b28bbb0-9c15-5f73-ab80-761307f0e5c1"",""urn:uuid:3342bfa1-56e7-5f86-89ad-330731408a74"",""urn:uuid:ca411970-540a-5c77-a271-26b98da616e7"",""urn:uuid:a8cb93f0-b9f2-59cd-b694-a95280e00ca8"",""urn:uuid:c38a61c6-f277-58a0-b365-c84e70a32d99"",""urn:uuid:8c5b2609-bc4a-59a4-9953-87a448c83ff6"",""urn:uuid:48df1653-2fd0-5e18-983c-0d327232a40e"",""urn:uuid:c868ae96-c663-52fb-92bb-174e811cc813"",""urn:uuid:7cd72268-919e-5a0f-bf8d-a231a51cfd04"",""urn:uuid:bf4dfdef-3bf3-5d7f-88eb-12b4f2a1be0b"",""urn:uuid:b9c92fbc-addc-517e-8c7f-35333036c1b4"",""urn:uuid:fdd88948-b072-58d3-a1a1-d0b1df00a026"",""urn:uuid:863bf0b7-e71e-5d5d-b70b-3682cc3d696b"",""urn:uuid:64831c22-a1a4-5c2d-915e-d410f9280474"",""urn:uuid:18497c05-32c8-53b0-bd14-c356d7dbd1f7"",""urn:uuid:0e070d7d-9e89-5a89-801a-ba7307bb93f8"",""urn:uuid:ab44c7ec-e8dc-5263-ab49-4a0d166f07e5"",""urn:uuid:d360777c-6ad8-5d77-9554-152398848fc7"",""urn:uuid:3afb549b-7550-596c-b411-fc8c9f334ad8"",""urn:uuid:c59522bb-2dea-58d0-a866-ff9f584c6072"",""urn:uuid:b4b4c374-0e53-560b-8db8-bf5e1eaa7834"",""urn:uuid:74817b67-f33a-5770-8d87-c4ca97aa92fd"",""urn:uuid:41c7a396-a90b-502e-85f3-1d57007123e8"",""urn:uuid:d665b535-5e0c-542e-bb20-7a7eb4e3c204"",""urn:uuid:48e3127e-e94d-5ffc-9a18-36486f33d2ed"",""urn:uuid:d866dd1a-78b4-59c6-af38-3baeece40606"",""urn:uuid:dde1b024-05c1-5532-9f80-f2b44bfe900f"",""urn:uuid:1f82f187-7173-5327-a801-29c18b499739"",""urn:uuid:bcb9c5a5-4cdc-5911-b7f0-15b6d5e35c98"",""urn:uuid:73258470-f5a9-522b-a40d-8b627f86736e"",""urn:uuid:eb7c44fa-9dcf-5006-b9ca-63fb55331344"",""urn:uuid:f7238a10-37f0-5ac5-8b16-77cff97f2e0a"",""urn:uuid:9871b870-dc3e-56c3-a4b9-88e786e38fb8"",""urn:uuid:ec427a0e-286f-5800-86af-652c91e28c8e"",""urn:uuid:8b5077c5-9f15-575a-adf3-a3b8d2e63390"",""urn:uuid:666ea759-7223-57f5-bb58-684b9f0b40f9"",""urn:uuid:4074a4d3-05e1-5d53-b2a2-1a0d15d7c027"",""urn:uuid:c9e30a12-5ef0-540f-b75b-55ec041983b3"",""urn:uuid:fd5e5f5e-4d07-5d2f-ae06-4d141776b2f3"",""urn:uuid:5075e5d3-2355-52c9-a3a7-5bc334d6657f"",""urn:uuid:c5df943b-002b-508f-8996-4545abe13552"",""urn:uuid:b4f516f8-7cb2-5c89-8610-add5cd10ce6d"",""urn:uuid:71914fea-5ba3-58df-a2f0-587227a0b938"",""urn:uuid:d53e75c5-ed17-5481-9f76-357901a8ab3d"",""urn:uuid:5f6c3f9e-8fd3-5e7a-bbf6-b6d050e604ac"",""urn:uuid:997a9f77-c53e-54e0-beb5-1dcc79a9f04d"",""urn:uuid:bf502a97-8591-513d-9d57-1a8fe7bb0721"",""urn:uuid:cda4106c-5d70-591d-a55b-545e9fa09425"",""urn:uuid:7d704713-a161-5246-ade4-669650781a0a"",""urn:uuid:8f722384-e145-51a8-b5b4-a8bd09dedc8d"",""urn:uuid:9a23c9d2-b16f-56b5-a3a5-a4b99a904ab6""]","[]","urn:uuid:2d8dd580-22d9-5cfe-b865-6ed6b59af68e","active","{""artifact_kind"":""jsonl"",""bytes"":209274,""id"":""urn:uuid:49c1bd6e-3245-559e-96cf-cc1fb55a9cbc"",""manifest_ids"":[],""path"":""backend/production/v0.3/inputs/TRANSLATION_MANIFEST.jsonl"",""produced_from_ids"":[""urn:uuid:939707be-b74a-5a95-bd95-8c735b1e833b"",""urn:uuid:0d309b4b-5ed5-591e-ae01-0f9998b6e636"",""urn:uuid:3f44e8af-3d83-5c87-aa80-f1728067d86b"",""urn:uuid:b4209c3a-f622-5a20-970a-2d368274b2ca"",""urn:uuid:7f928d37-20cd-5886-b39b-bf4e0bd6a96a"",""urn:uuid:0b0eab53-d3ad-5ea3-8601-a2ef84432794"",""urn:uuid:7f8e66cf-3109-5f23-9844-9c908f758dc1"",""urn:uuid:e201de2b-d9cf-5b6f-a024-59d8e9d1eb5e"",""urn:uuid:5d76c92d-7645-58a7-b511-627d122b36ae"",""urn:uuid:2837e60f-acf7-5e86-a501-8f62652409ba"",""urn:uuid:5d545ba2-e395-59cd-85bb-93e658fcfedf"",""urn:uuid:159a2cfc-1ebf-5d51-be28-128847eaf02a"",""urn:uuid:c51b8e6b-1f60-5fe0-abc6-0582bbb388c6"",""urn:uuid:6d50832d-e7da-5a20-9070-822460348a4b"",""urn:uuid:7409146c-e0e2-55e4-a64d-a78ecf27d7bf"",""urn:uuid:00227bb8-30ad-5e16-b28f-16a37e8eb65e"",""urn:uuid:802c58bd-fbcc-538c-bf3f-e1fe853d5a20"",""urn:uuid:43a0a24a-1885-5cbc-b75b-49489a717ade"",""urn:uuid:9c5f1db6-ac33-5a4d-9adb-27e085266c45"",""urn:uuid:3d785131-bde9-5325-b269-0fb7da706bd6"",""urn:uuid:067468e8-280d-5ad6-96b4-89cc10e609ad"",""urn:uuid:0f253bac-3e2c-5e0f-ac96-01c95264a866"",""urn:uuid:2fbb1bce-6e2d-5f70-9c99-e9c4ca688b84"",""urn:uuid:6d1c2f5d-b696-5419-8c7d-2a69dd457573"",""urn:uuid:3438abc5-ea71-5451-ae65-71acd8e856a6"",""urn:uuid:ce36a958-940c-5cb8-b84e-cf6dd28e88f3"",""urn:uuid:0606e584-e38d-51a0-a41d-1fba7f906911"",""urn:uuid:76dd3ba2-1ab2-5af4-911b-e93f37eb4c30"",""urn:uuid:435d76fa-71cb-5b5d-ab60-4761e29ed6f5"",""urn:uuid:7bc0ec22-80d7-56b5-ae9b-a7b0fbe6b8a9"",""urn:uuid:7f287ebd-b151-5c33-b342-d94e6f23ff12"",""urn:uuid:fd92226d-b32f-5644-aa99-e92705c2ec0b"",""urn:uuid:3be96112-43d1-5060-bcab-2acd5131779c"",""urn:uuid:6b252441-3578-5244-8607-87d0203dcbf0"",""urn:uuid:c5778dd5-30df-542c-b0d2-e1e3964e6022"",""urn:uuid:39c312ec-759e-5900-8a0e-234276d1765a"",""urn:uuid:7938200f-b272-515c-b59a-45c20bb3bce7"",""urn:uuid:d1feaaaa-c779-55b2-bcbc-1e4b3cf85906"",""urn:uuid:6b4fa0fe-6f3a-5040-9b76-43f55e5e08fc"",""urn:uuid:f0f60925-8984-5c65-9056-d4a49e38e1b9"",""urn:uuid:7b8a0aed-9845-5e79-b1c7-5941dfe8743d"",""urn:uuid:589367ac-9c70-5147-bde3-45f1cbdc6f3a"",""urn:uuid:c027b2f0-36d6-5759-a86d-6f7f70be8412"",""urn:uuid:fd9928a9-f5b3-5c74-9a7a-afb15ee64c4f"",""urn:uuid:07374870-7c31-523d-a8d8-071c22b9c84c"",""urn:uuid:a88ea0a1-fef5-5c8f-a71a-63717c1b153e"",""urn:uuid:f98b1a96-1a5f-5b4a-89e1-e608cf889370"",""urn:uuid:277e45e5-87c8-50d4-9df1-f88fb12d81d9"",""urn:uuid:ac5dd45e-0ab8-571a-9274-37a0aced8b48"",""urn:uuid:73f76bbb-1849-5ed0-8b5e-05f3da85fcaf"",""urn:uuid:727aa567-3d79-5ce7-9f35-6aae66f62e2b"",""urn:uuid:2ec55e9b-0867-5f37-9e04-cc59c03a9e6f"",""urn:uuid:e063ebb9-cf59-518f-8ae7-33c835b7197b"",""urn:uuid:46258053-8995-5d95-ba66-96e1a0ca7f57"",""urn:uuid:71a1b53b-7ab6-5ac0-b670-808842ab0782"",""urn:uuid:8c23380e-5abc-5fa7-b1c5-6d52ef9c53b6"",""urn:uuid:8630be08-2901-5602-9626-c0cf026a12f8"",""urn:uuid:674c29ba-8653-54fe-97ff-2cbfc0dc2b49"",""urn:uuid:f0c5e6fe-62b7-5cc2-9c64-105c563b31c5"",""urn:uuid:fa161314-4a7c-580b-b878-3b18f83716a2"",""urn:uuid:32bbfa4a-36d4-504d-ae7f-b2b932067cc6"",""urn:uuid:2eef93b3-7f3f-55f0-9a62-569b27928de3"",""urn:uuid:32056342-6788-5bc3-9c6b-2d68a22f08c1"",""urn:uuid:d201dccf-a0cd-5ff1-96fb-e8f29b934141"",""urn:uuid:cd85506b-6844-5aa8-a2f6-b1f5783f2311"",""urn:uuid:dfbec4f7-f1fb-5043-80aa-dd9e18c40904"",""urn:uuid:2d2d2e6f-9132-5ce5-956f-f2d60eaea162"",""urn:uuid:9ab75a11-3744-510c-8967-9a46bdcdc135"",""urn:uuid:be4cea84-440b-538a-aba8-06c64bb6b513"",""urn:uuid:2be2de0c-644f-5967-bb6f-58b6fcea7569"",""urn:uuid:f0bf3009-b561-5e98-a737-e39ab057cd2d"",""urn:uuid:c910552d-d536-578d-b4bc-df784fcfe304"",""urn:uuid:a270f909-e582-52fa-839e-5f16a15a38fc"",""urn:uuid:8f0ab7fa-1596-5fa3-b492-64d58e22acbc"",""urn:uuid:220b0b5f-5464-5d10-8e91-e007ab89cc95"",""urn:uuid:6efdbd5a-85be-5c80-8709-a4cfed6f86c6"",""urn:uuid:9e5560f7-5424-501a-91f2-bb372fb7e0c9"",""urn:uuid:7e41849b-cc90-593f-8edf-08227e59f3d6"",""urn:uuid:42820b3e-fb8d-5b2e-aed4-ba8b3a245b4e"",""urn:uuid:0fdb7dc0-7c92-579e-97e7-002626473054"",""urn:uuid:a2e4c4f6-f89c-57fa-86b6-6c0737f03429"",""urn:uuid:583e0cd8-9ff4-57ff-8bd8-55a4b6ec5483"",""urn:uuid:2abef04b-2d4d-5238-8c86-7297c9dcec73"",""urn:uuid:2244cd35-5995-52c5-bfe8-640ade304fd5"",""urn:uuid:4c3f52ca-7c43-5dce-8d0d-56e372886789"",""urn:uuid:1fa8b22b-112e-56e5-8c26-75cfdc375563"",""urn:uuid:1c7fb31c-f936-5801-8352-8354326ed5c8"",""urn:uuid:16871195-c52d-50d1-a2cf-3a5e063ab8bd"",""urn:uuid:f6b90b3c-7203-5bb2-877b-6c71d7842611"",""urn:uuid:1d05571f-9548-5c94-a6a9-7dd7716adf5a"",""urn:uuid:54af0ff3-80e7-5ecc-a3e1-c2806c999896"",""urn:uuid:f523812d-ad23-5250-97a8-88617ac2101e"",""urn:uuid:5bcbc34d-9943-572d-9a58-0f00e0c0c62f"",""urn:uuid:63708803-214f-5a25-84c4-6946233f282c"",""urn:uuid:0ca6e51d-4663-5814-83e2-289fa2803f20"",""urn:uuid:67a80b01-e07b-5529-9b3e-314b636a2570"",""urn:uuid:9bcd2e4f-c3a1-56ce-af36-7d94c43bbb1b"",""urn:uuid:8464650a-4003-5dd6-aeb3-c8a881811cf3"",""urn:uuid:1d4fc966-6b2d-56b2-a4a7-ca0f332cb60c"",""urn:uuid:3f284491-cb5b-5fc4-ab5e-ff942a75895e"",""urn:uuid:d55d3893-afc0-5386-8d83-371e86292b77"",""urn:uuid:90d834f9-e546-558e-ab4e-aa4cbf78c62c"",""urn:uuid:248b46e9-2aec-509f-a567-661f75e87778"",""urn:uuid:891e6de1-81d7-5205-bf64-92fccef6036a"",""urn:uuid:1c3448f2-9226-514e-8d93-e2ea5f2e1de2"",""urn:uuid:415347de-13ca-5e87-9968-1cfa1286683d"",""urn:uuid:bcf6a6c9-a4b4-5c1e-ba58-230dc7588475"",""urn:uuid:3be013f5-7f1d-5048-984e-1cb684a53ed0"",""urn:uuid:b4ecd3e6-f415-5f9b-a575-3bb9824b2c39"",""urn:uuid:3e77fced-eddc-54cf-8578-c407389dd7cf"",""urn:uuid:7d18f466-c47f-5b58-b647-1b10e3a6a0b7"",""urn:uuid:34e28bfb-c451-5dee-92b6-28da4d6ffbfe"",""urn:uuid:44b8e35b-2da4-5e87-aa3d-b7b986b8f28f"",""urn:uuid:d12ce00c-29a3-5451-a73d-d3a85ff86488"",""urn:uuid:f06ef48e-c08e-56db-b7dc-8bfe2f33c377"",""urn:uuid:0294cc57-9426-5f38-8fc5-3df88fc762b3"",""urn:uuid:4b28bbb0-9c15-5f73-ab80-761307f0e5c1"",""urn:uuid:3342bfa1-56e7-5f86-89ad-330731408a74"",""urn:uuid:ca411970-540a-5c77-a271-26b98da616e7"",""urn:uuid:a8cb93f0-b9f2-59cd-b694-a95280e00ca8"",""urn:uuid:c38a61c6-f277-58a0-b365-c84e70a32d99"",""urn:uuid:8c5b2609-bc4a-59a4-9953-87a448c83ff6"",""urn:uuid:48df1653-2fd0-5e18-983c-0d327232a40e"",""urn:uuid:c868ae96-c663-52fb-92bb-174e811cc813"",""urn:uuid:7cd72268-919e-5a0f-bf8d-a231a51cfd04"",""urn:uuid:bf4dfdef-3bf3-5d7f-88eb-12b4f2a1be0b"",""urn:uuid:b9c92fbc-addc-517e-8c7f-35333036c1b4"",""urn:uuid:fdd88948-b072-58d3-a1a1-d0b1df00a026"",""urn:uuid:863bf0b7-e71e-5d5d-b70b-3682cc3d696b"",""urn:uuid:64831c22-a1a4-5c2d-915e-d410f9280474"",""urn:uuid:18497c05-32c8-53b0-bd14-c356d7dbd1f7"",""urn:uuid:0e070d7d-9e89-5a89-801a-ba7307bb93f8"",""urn:uuid:ab44c7ec-e8dc-5263-ab49-4a0d166f07e5"",""urn:uuid:d360777c-6ad8-5d77-9554-152398848fc7"",""urn:uuid:3afb549b-7550-596c-b411-fc8c9f334ad8"",""urn:uuid:c59522bb-2dea-58d0-a866-ff9f584c6072"",""urn:uuid:b4b4c374-0e53-560b-8db8-bf5e1eaa7834"",""urn:uuid:74817b67-f33a-5770-8d87-c4ca97aa92fd"",""urn:uuid:41c7a396-a90b-502e-85f3-1d57007123e8"",""urn:uuid:d665b535-5e0c-542e-bb20-7a7eb4e3c204"",""urn:uuid:48e3127e-e94d-5ffc-9a18-36486f33d2ed"",""urn:uuid:d866dd1a-78b4-59c6-af38-3baeece40606"",""urn:uuid:dde1b024-05c1-5532-9f80-f2b44bfe900f"",""urn:uuid:1f82f187-7173-5327-a801-29c18b499739"",""urn:uuid:bcb9c5a5-4cdc-5911-b7f0-15b6d5e35c98"",""urn:uuid:73258470-f5a9-522b-a40d-8b627f86736e"",""urn:uuid:eb7c44fa-9dcf-5006-b9ca-63fb55331344"",""urn:uuid:f7238a10-37f0-5ac5-8b16-77cff97f2e0a"",""urn:uuid:9871b870-dc3e-56c3-a4b9-88e786e38fb8"",""urn:uuid:ec427a0e-286f-5800-86af-652c91e28c8e"",""urn:uuid:8b5077c5-9f15-575a-adf3-a3b8d2e63390"",""urn:uuid:666ea759-7223-57f5-bb58-684b9f0b40f9"",""urn:uuid:4074a4d3-05e1-5d53-b2a2-1a0d15d7c027"",""urn:uuid:c9e30a12-5ef0-540f-b75b-55ec041983b3"",""urn:uuid:fd5e5f5e-4d07-5d2f-ae06-4d141776b2f3"",""urn:uuid:5075e5d3-2355-52c9-a3a7-5bc334d6657f"",""urn:uuid:c5df943b-002b-508f-8996-4545abe13552"",""urn:uuid:b4f516f8-7cb2-5c89-8610-add5cd10ce6d"",""urn:uuid:71914fea-5ba3-58df-a2f0-587227a0b938"",""urn:uuid:d53e75c5-ed17-5481-9f76-357901a8ab3d"",""urn:uuid:5f6c3f9e-8fd3-5e7a-bbf6-b6d050e604ac"",""urn:uuid:997a9f77-c53e-54e0-beb5-1dcc79a9f04d"",""urn:uuid:bf502a97-8591-513d-9d57-1a8fe7bb0721"",""urn:uuid:cda4106c-5d70-591d-a55b-545e9fa09425"",""urn:uuid:7d704713-a161-5246-ade4-669650781a0a"",""urn:uuid:8f722384-e145-51a8-b5b4-a8bd09dedc8d"",""urn:uuid:9a23c9d2-b16f-56b5-a3a5-a4b99a904ab6""],""record_type"":""artifact"",""recorded_at"":""2026-08-21T00:00:00Z"",""rights_id"":""urn:uuid:2d8dd580-22d9-5cfe-b865-6ed6b59af68e"",""schema_name"":""lebl.backend.record"",""schema_version"":""0.3.0"",""semantic_aliases"":[],""semantic_key"":""lebl.ra.artifact.translation-manifest-v0.3-r006-live-checkpoint"",""sha256"":""sha256:aa49b93adf9708aeb648b1213eb4632a553769799232318463ad6729d6068041"",""status"":""active"",""supersedes_id"":null,""toolchain"":[""exact frozen live-manifest byte snapshot""],""workflow_id"":""01a01f57-a34b-7740-9717-596b8116910c/backend-production-v0.3-r006-live""}"
"urn:uuid:00c3c416-3bf7-59f8-a7d0-66037a34a4f0","lebl.shared.artifact.translation-manifest-live-2026-08-24","jsonl","translation/TRANSLATION_MANIFEST.jsonl","596621","sha256:500d6c59b57825cbfb53a8767a889c2aef6a25f375fe0a6aa3bdb6cb051a17cb","[""exact live-manifest byte snapshot""]","[""urn:uuid:00227bb8-30ad-5e16-b28f-16a37e8eb65e"",""urn:uuid:0294cc57-9426-5f38-8fc5-3df88fc762b3"",""urn:uuid:055b648d-433b-599f-a89e-f07023c47848"",""urn:uuid:06049b89-58f7-5a92-a6d9-2b1ea90ed46b"",""urn:uuid:0606e584-e38d-51a0-a41d-1fba7f906911"",""urn:uuid:067468e8-280d-5ad6-96b4-89cc10e609ad"",""urn:uuid:06c52b71-db44-5a8a-bcf6-01df1c0df028"",""urn:uuid:07374870-7c31-523d-a8d8-071c22b9c84c"",""urn:uuid:07932032-a56f-5e29-995f-ae2b26cea30b"",""urn:uuid:07b3b8af-affa-551e-8a59-faa5bc7c20ee"",""urn:uuid:0815c851-8c8c-50fd-abb8-0b6e6c2be838"",""urn:uuid:088a2076-c1e9-5dd4-bf02-cc7fdb06083f"",""urn:uuid:094c8dd3-3053-5546-a05c-04a852f0a39d"",""urn:uuid:09c99caf-e094-530f-99e6-25809a0d9452"",""urn:uuid:0ac42c50-7f72-5fc0-8e23-48ec99426f16"",""urn:uuid:0b0eab53-d3ad-5ea3-8601-a2ef84432794"",""urn:uuid:0b5f97df-5910-54a6-b0b8-d7188686b1ee"",""urn:uuid:0ca6e51d-4663-5814-83e2-289fa2803f20"",""urn:uuid:0d309b4b-5ed5-591e-ae01-0f9998b6e636"",""urn:uuid:0d9e3fd7-52e4-5b9e-bef5-7b19a2011182"",""urn:uuid:0e070d7d-9e89-5a89-801a-ba7307bb93f8"",""urn:uuid:0e8e1579-d184-50ae-aa22-63f499adb826"",""urn:uuid:0f253bac-3e2c-5e0f-ac96-01c95264a866"",""urn:uuid:0fdb7dc0-7c92-579e-97e7-002626473054"",""urn:uuid:0ff9f3a9-1368-5b13-aa93-1cb31168c62a"",""urn:uuid:10b91f89-8c62-520d-ac1b-e1778c5bb951"",""urn:uuid:10fbcc56-af78-52b2-bf60-9dc148c3a4ef"",""urn:uuid:1195f8ce-201b-527d-a22b-5ef88a45ed3f"",""urn:uuid:12d15fbe-66e6-56b2-a728-c5039ab3ed8a"",""urn:uuid:1342722b-1984-5431-8c60-1a47b4590ed1"",""urn:uuid:1347e4a8-7ac2-565b-beed-fd587c0f46fb"",""urn:uuid:14c90cb8-4844-5918-b8af-c60fe05b83a2"",""urn:uuid:14e96bad-62ce-5d61-a48e-32e1d22ca8dd"",""urn:uuid:1557e374-85ae-5893-80d7-154897af9f62"",""urn:uuid:159a2cfc-1ebf-5d51-be28-128847eaf02a"",""urn:uuid:16871195-c52d-50d1-a2cf-3a5e063ab8bd"",""urn:uuid:16a00bab-e754-5958-acef-2042396fe569"",""urn:uuid:16c2a6b3-b4c8-508e-9057-d2738658bdd1"",""urn:uuid:16cee983-2334-5e2a-ad99-1270a9e4b432"",""urn:uuid:1717e68c-f4ad-576a-b1b4-fdcdaa89d385"",""urn:uuid:176ab929-65ba-51d6-b357-70c15f55bbf3"",""urn:uuid:18497c05-32c8-53b0-bd14-c356d7dbd1f7"",""urn:uuid:18909e99-b17f-5448-941d-e7ed2c7d2562"",""urn:uuid:198b5dd2-7108-5771-be95-4256d59d7820"",""urn:uuid:1afca295-f38a-571a-909f-e422923b6bbe"",""urn:uuid:1b111e58-2af9-5ce1-9783-f653b382f1de"",""urn:uuid:1b72a453-6f1e-501f-bd2f-9d629c74a9c3"",""urn:uuid:1c3448f2-9226-514e-8d93-e2ea5f2e1de2"",""urn:uuid:1c7fb31c-f936-5801-8352-8354326ed5c8"",""urn:uuid:1cff1ea1-d862-5847-acfe-599e76bc9fa5"",""urn:uuid:1d05571f-9548-5c94-a6a9-7dd7716adf5a"",""urn:uuid:1d46f797-20c7-5185-99df-5d7e5afd5389"",""urn:uuid:1d4fc966-6b2d-56b2-a4a7-ca0f332cb60c"",""urn:uuid:1f82f187-7173-5327-a801-29c18b499739"",""urn:uuid:1fa8b22b-112e-56e5-8c26-75cfdc375563"",""urn:uuid:205638b8-6fff-5da6-8cc9-7e45ee0ae94d"",""urn:uuid:21122158-07b9-59c8-baa3-a2e97f751dc6"",""urn:uuid:21128674-d98d-56fe-9460-5c796176da2c"",""urn:uuid:220b0b5f-5464-5d10-8e91-e007ab89cc95"",""urn:uuid:220fae1d-9642-53ef-a833-0cc964439929"",""urn:uuid:2244cd35-5995-52c5-bfe8-640ade304fd5"",""urn:uuid:242cb323-2da2-5d73-852c-449393f28653"",""urn:uuid:245fa607-9a47-5fb8-be13-0b65c80295f9"",""urn:uuid:248b46e9-2aec-509f-a567-661f75e87778"",""urn:uuid:24ab2c57-a46c-505b-b352-d44a726aeb67"",""urn:uuid:24ae35ed-8054-518c-bdc8-1d7554d52877"",""urn:uuid:25f69f0b-cfd5-55c7-8475-144162b67d71"",""urn:uuid:271fd9d0-c7d9-5d35-a223-e44fb8d06d79"",""urn:uuid:277e45e5-87c8-50d4-9df1-f88fb12d81d9"",""urn:uuid:2837e60f-acf7-5e86-a501-8f62652409ba"",""urn:uuid:2977afac-5de8-5840-9c78-518c05f5a24a"",""urn:uuid:2a3ec4e7-a1cd-54cb-907d-5bc9a08f2d30"",""urn:uuid:2a8f6bb0-149a-5fb7-be25-dd2f2f22514c"",""urn:uuid:2abc84c8-21b0-53d9-aec0-54c44805f425"",""urn:uuid:2abef04b-2d4d-5238-8c86-7297c9dcec73"",""urn:uuid:2be2de0c-644f-5967-bb6f-58b6fcea7569"",""urn:uuid:2cfd0be1-8aed-5e30-af65-4a2538ed80c0"",""urn:uuid:2d2d2e6f-9132-5ce5-956f-f2d60eaea162"",""urn:uuid:2e972372-be7a-50f0-a708-3f6dea54ea0f"",""urn:uuid:2ec55e9b-0867-5f37-9e04-cc59c03a9e6f"",""urn:uuid:2eef93b3-7f3f-55f0-9a62-569b27928de3"",""urn:uuid:2f1daaf6-d93e-5d24-a7b6-0e4cd1778a1a"",""urn:uuid:2fbb1bce-6e2d-5f70-9c99-e9c4ca688b84"",""urn:uuid:2fe734a9-79fb-5d78-8e14-af6050bf3845"",""urn:uuid:31bfb56e-37eb-5e3e-ba4d-fe58785f01bd"",""urn:uuid:32056342-6788-5bc3-9c6b-2d68a22f08c1"",""urn:uuid:328d633f-a0f3-5c39-a105-8fd440ed43a7"",""urn:uuid:32990d9b-c482-58d5-945e-3ec3ff684bdd"",""urn:uuid:329a4313-43d4-5b37-9e1c-7c689f01291d"",""urn:uuid:32bbfa4a-36d4-504d-ae7f-b2b932067cc6"",""urn:uuid:330a19af-4e02-5ef9-8a63-c66b1bc1da33"",""urn:uuid:3342bfa1-56e7-5f86-89ad-330731408a74"",""urn:uuid:336049fc-47bb-5db0-b530-5b33a8a7207b"",""urn:uuid:340f0469-3c96-5ac8-87dd-766dfa5d72b9"",""urn:uuid:3438abc5-ea71-5451-ae65-71acd8e856a6"",""urn:uuid:34e28bfb-c451-5dee-92b6-28da4d6ffbfe"",""urn:uuid:34e80483-cf51-57e0-a738-4f72f058ad4a"",""urn:uuid:34fa59bb-fc14-56d6-a738-c5f15e3fd660"",""urn:uuid:365e4d5a-71b9-5918-a2be-b5f8ae297a98"",""urn:uuid:36881440-49bc-5232-a565-4e3b5d9a0cc7"",""urn:uuid:37350be9-aea4-59f3-86e4-383f450e1568"",""urn:uuid:373ad8a5-4af2-5d79-912e-719559bab9c3"",""urn:uuid:37403b5a-83c9-50fa-8cd7-8198f175ec29"",""urn:uuid:39c312ec-759e-5900-8a0e-234276d1765a"",""urn:uuid:3a2cf14c-3e36-5e73-8b1a-660be1659ff8"",""urn:uuid:3afb549b-7550-596c-b411-fc8c9f334ad8"",""urn:uuid:3be013f5-7f1d-5048-984e-1cb684a53ed0"",""urn:uuid:3be96112-43d1-5060-bcab-2acd5131779c"",""urn:uuid:3cd894f6-dd12-5721-b1f0-47e0c8e670e8"",""urn:uuid:3d785131-bde9-5325-b269-0fb7da706bd6"",""urn:uuid:3dc6268b-c7c0-5cc9-9deb-34f84318d9e5"",""urn:uuid:3e77fced-eddc-54cf-8578-c407389dd7cf"",""urn:uuid:3f284491-cb5b-5fc4-ab5e-ff942a75895e"",""urn:uuid:3f44e8af-3d83-5c87-aa80-f1728067d86b"",""urn:uuid:4074a4d3-05e1-5d53-b2a2-1a0d15d7c027"",""urn:uuid:411cb4af-3c3e-52e4-a591-78467d118041"",""urn:uuid:415347de-13ca-5e87-9968-1cfa1286683d"",""urn:uuid:415e7d76-98f9-5909-a57f-7841ccd31548"",""urn:uuid:416d178d-0321-5736-a5e0-82a986b80266"",""urn:uuid:41c7a396-a90b-502e-85f3-1d57007123e8"",""urn:uuid:41cf1c63-ddc5-5ea4-aa3b-78823735b078"",""urn:uuid:426f1185-3a1c-58e5-b476-eef17d58737d"",""urn:uuid:42820b3e-fb8d-5b2e-aed4-ba8b3a245b4e"",""urn:uuid:4346b1c5-e3a4-52d9-a6d0-2d0fc301cae4"",""urn:uuid:435d76fa-71cb-5b5d-ab60-4761e29ed6f5"",""urn:uuid:43a0a24a-1885-5cbc-b75b-49489a717ade"",""urn:uuid:43a249f8-dc4a-5eb9-9e3c-c808f4017020"",""urn:uuid:44b8e35b-2da4-5e87-aa3d-b7b986b8f28f"",""urn:uuid:4512a20c-fcc6-59ce-8aa2-e497f7a045e1"",""urn:uuid:46258053-8995-5d95-ba66-96e1a0ca7f57"",""urn:uuid:47a87473-bbe8-5efa-946e-c1009de0ec3f"",""urn:uuid:48df1653-2fd0-5e18-983c-0d327232a40e"",""urn:uuid:48e3127e-e94d-5ffc-9a18-36486f33d2ed"",""urn:uuid:4a189a3e-87e9-5c25-b3aa-4c7b57a30926"",""urn:uuid:4a4a6f97-7a61-50b5-a2c7-b426a66d89b0"",""urn:uuid:4abfcb45-2bcc-550b-a1c1-b247ddd412c5"",""urn:uuid:4ac229d8-4c08-5538-8244-f29e8ca6ee7a"",""urn:uuid:4b28bbb0-9c15-5f73-ab80-761307f0e5c1"",""urn:uuid:4be20dee-5f59-5513-a889-a524f5d27070"",""urn:uuid:4c3f52ca-7c43-5dce-8d0d-56e372886789"",""urn:uuid:4e733f59-b73f-5da3-8214-5caf33da6c2c"",""urn:uuid:4ed5ab7b-0e1a-52f9-901f-6960ac0a8e9c"",""urn:uuid:5075e5d3-2355-52c9-a3a7-5bc334d6657f"",""urn:uuid:52da6cb8-e7c0-5536-8a76-b1145c62c602"",""urn:uuid:536fbe40-1a8a-5abe-98d2-f00452e92bcd"",""urn:uuid:54af0ff3-80e7-5ecc-a3e1-c2806c999896"",""urn:uuid:54bc242f-01ea-57f7-bccb-570fbba067cd"",""urn:uuid:570a1a8f-0703-5674-a093-537d61ea851b"",""urn:uuid:574ba353-611a-5645-8d44-267b202bcb82"",""urn:uuid:578523a9-7d18-564c-8207-023c60d3c3c8"",""urn:uuid:5837a918-93cb-52b5-8bb2-d00bb590c884"",""urn:uuid:583e0cd8-9ff4-57ff-8bd8-55a4b6ec5483"",""urn:uuid:589367ac-9c70-5147-bde3-45f1cbdc6f3a"",""urn:uuid:5a5548fd-1272-5a7c-a486-e18512b5d01b"",""urn:uuid:5b56ee31-6fac-513b-9aa8-79fed7cdc8b1"",""urn:uuid:5b883c5f-853b-5340-8147-91764cf949db"",""urn:uuid:5bc4ec01-61b0-5dc3-886c-f702912899c3"",""urn:uuid:5bcbc34d-9943-572d-9a58-0f00e0c0c62f"",""urn:uuid:5d2c8922-2535-5aea-a473-a042729eea71"",""urn:uuid:5d545ba2-e395-59cd-85bb-93e658fcfedf"",""urn:uuid:5d54ff13-dd11-5650-b688-f5a28dcba21e"",""urn:uuid:5d553e8a-b948-5bdc-8a06-29fca536528a"",""urn:uuid:5d76c92d-7645-58a7-b511-627d122b36ae"",""urn:uuid:5f65d650-b9fa-536c-af8c-fabb6b97e1b7"",""urn:uuid:5f6c3f9e-8fd3-5e7a-bbf6-b6d050e604ac"",""urn:uuid:60e29a6e-f517-535a-8067-5cd5f21f32dd"",""urn:uuid:61bdf962-f54f-54d2-ae3d-f96fb76806e2"",""urn:uuid:63708803-214f-5a25-84c4-6946233f282c"",""urn:uuid:63cb8a8a-eb33-5fee-8cd1-5a97aa782607"",""urn:uuid:64831c22-a1a4-5c2d-915e-d410f9280474"",""urn:uuid:666ea759-7223-57f5-bb58-684b9f0b40f9"",""urn:uuid:674c29ba-8653-54fe-97ff-2cbfc0dc2b49"",""urn:uuid:67a80b01-e07b-5529-9b3e-314b636a2570"",""urn:uuid:6ab33327-908b-5687-8a23-867272d8c382"",""urn:uuid:6abff76e-41da-5c96-913f-497933ddfcd7"",""urn:uuid:6adfd09d-1d21-5acf-a160-d3a7065db631"",""urn:uuid:6b252441-3578-5244-8607-87d0203dcbf0"",""urn:uuid:6b4fa0fe-6f3a-5040-9b76-43f55e5e08fc"",""urn:uuid:6bbd85c8-4a3d-5b52-aac4-79fdcfd45ec5"",""urn:uuid:6c85b56b-81c2-5b89-b092-baab8f73e627"",""urn:uuid:6d1c2f5d-b696-5419-8c7d-2a69dd457573"",""urn:uuid:6d50832d-e7da-5a20-9070-822460348a4b"",""urn:uuid:6e315916-0903-5f4c-81c9-b8dc9f4f3266"",""urn:uuid:6e8a41f0-764f-5c24-a522-b8568fb2879d"",""urn:uuid:6efdbd5a-85be-5c80-8709-a4cfed6f86c6"",""urn:uuid:6fc772ee-acee-5f7c-bdc3-4fecbead138b"",""urn:uuid:71897f7d-a0c3-513a-a02e-f051b9640e86"",""urn:uuid:71914fea-5ba3-58df-a2f0-587227a0b938"",""urn:uuid:71a1b53b-7ab6-5ac0-b670-808842ab0782"",""urn:uuid:71ef7593-f990-5c09-94e0-449a8ff067a7"",""urn:uuid:722026b4-d17a-5805-b994-4ca5ef309286"",""urn:uuid:727aa567-3d79-5ce7-9f35-6aae66f62e2b"",""urn:uuid:72dffb1e-71ea-5cb4-839c-88d2bb359893"",""urn:uuid:73258470-f5a9-522b-a40d-8b627f86736e"",""urn:uuid:7341e5f1-ba91-555b-8281-2cb53294f878"",""urn:uuid:73c1fefd-dda5-5a73-b206-5e03aa9d2ab4"",""urn:uuid:73f76bbb-1849-5ed0-8b5e-05f3da85fcaf"",""urn:uuid:7409146c-e0e2-55e4-a64d-a78ecf27d7bf"",""urn:uuid:7432bee5-dc7d-54c8-99ed-9437ebf9c91e"",""urn:uuid:74817b67-f33a-5770-8d87-c4ca97aa92fd"",""urn:uuid:74acf85c-c66a-58a3-953b-56e04465ace9"",""urn:uuid:761521b3-298b-5d74-94a4-db2ff66d56aa"",""urn:uuid:768e0cd2-0958-5072-9c24-420c39b95d03"",""urn:uuid:76dd3ba2-1ab2-5af4-911b-e93f37eb4c30"",""urn:uuid:77ee0f3e-6321-5859-bb11-aa5052fd8152"",""urn:uuid:7938200f-b272-515c-b59a-45c20bb3bce7"",""urn:uuid:7b47aef6-b0ba-56f2-8f7c-bb8d540ff80d"",""urn:uuid:7b8a0aed-9845-5e79-b1c7-5941dfe8743d"",""urn:uuid:7bc0ec22-80d7-56b5-ae9b-a7b0fbe6b8a9"",""urn:uuid:7bdc2811-4452-503b-b4b7-0634790363ff"",""urn:uuid:7cd72268-919e-5a0f-bf8d-a231a51cfd04"",""urn:uuid:7ce764f0-d21a-5a9b-8346-b6a1ce614162"",""urn:uuid:7d18f466-c47f-5b58-b647-1b10e3a6a0b7"",""urn:uuid:7d704713-a161-5246-ade4-669650781a0a"",""urn:uuid:7dc09d7d-ffab-55ff-a28b-177f7d987af3"",""urn:uuid:7e41849b-cc90-593f-8edf-08227e59f3d6"",""urn:uuid:7f287ebd-b151-5c33-b342-d94e6f23ff12"",""urn:uuid:7f8e66cf-3109-5f23-9844-9c908f758dc1"",""urn:uuid:7f928d37-20cd-5886-b39b-bf4e0bd6a96a"",""urn:uuid:802c58bd-fbcc-538c-bf3f-e1fe853d5a20"",""urn:uuid:80319c43-860f-59d6-8a5f-886dba56070b"",""urn:uuid:803f3f3a-230f-539c-8a1d-2c6ab3b56966"",""urn:uuid:8180f5fb-4b23-5572-a3b7-b6caeb8a6348"",""urn:uuid:81c3dcf5-ee8a-5b56-97f6-38fc486b5cff"",""urn:uuid:821e0a4c-b8a1-5af3-8c3b-1cae29b26bdb"",""urn:uuid:8464650a-4003-5dd6-aeb3-c8a881811cf3"",""urn:uuid:8492dbd1-ab13-524e-a2f4-0e8756d21173"",""urn:uuid:8495ca4e-bdaa-58ee-aa0e-2c4194def33d"",""urn:uuid:8532300f-511a-5f5a-9b59-53edc369f8b6"",""urn:uuid:8554bd58-5734-51a2-90fb-08278a30a00a"",""urn:uuid:8598ab9a-40df-5644-8729-e55b4d83d577"",""urn:uuid:8630be08-2901-5602-9626-c0cf026a12f8"",""urn:uuid:863bf0b7-e71e-5d5d-b70b-3682cc3d696b"",""urn:uuid:865b1f06-7ed6-5f44-b6f1-9b5c70b4e79d"",""urn:uuid:88ab4219-e353-5c20-bd6a-6d0b3b1aa309"",""urn:uuid:891e6de1-81d7-5205-bf64-92fccef6036a"",""urn:uuid:89e38f1e-94da-5c3b-bab7-80de04b9f46a"",""urn:uuid:8b5077c5-9f15-575a-adf3-a3b8d2e63390"",""urn:uuid:8c23380e-5abc-5fa7-b1c5-6d52ef9c53b6"",""urn:uuid:8c5b2609-bc4a-59a4-9953-87a448c83ff6"",""urn:uuid:8d39ad91-f76b-59c4-8a0b-d68a59404ffe"",""urn:uuid:8d4a0580-598b-5baa-80ca-0692ff8b7974"",""urn:uuid:8f0ab7fa-1596-5fa3-b492-64d58e22acbc"",""urn:uuid:8f1b67cc-21c0-56b8-8d2d-af538ac2d9bb"",""urn:uuid:8f722384-e145-51a8-b5b4-a8bd09dedc8d"",""urn:uuid:8fe14a21-c0cf-52a3-a843-ba4f6266cf18"",""urn:uuid:90d834f9-e546-558e-ab4e-aa4cbf78c62c"",""urn:uuid:939707be-b74a-5a95-bd95-8c735b1e833b"",""urn:uuid:93a6ee61-5523-56c1-ba00-55320a3c8ba2"",""urn:uuid:94266451-e2c8-5334-bbe2-e89bac262baa"",""urn:uuid:953e131f-7830-5b47-b20e-d3a7095bfb8d"",""urn:uuid:957100a9-310a-5ff8-8a38-39e4eaa15a3f"",""urn:uuid:9650b92e-37e5-59ad-bade-01c564391bde"",""urn:uuid:970324a3-c269-5c1f-9f9b-9ead750d8d78"",""urn:uuid:97e056ec-c66c-5df2-8537-3fda58c93a1f"",""urn:uuid:986cd126-f292-5387-b93a-906a54473596"",""urn:uuid:9871b870-dc3e-56c3-a4b9-88e786e38fb8"",""urn:uuid:997a9f77-c53e-54e0-beb5-1dcc79a9f04d"",""urn:uuid:99d871b8-1dab-5ff0-8f3d-99f000bb44e7"",""urn:uuid:9a23c9d2-b16f-56b5-a3a5-a4b99a904ab6"",""urn:uuid:9a5c6d10-0e65-5e43-924b-47d603244378"",""urn:uuid:9ab75a11-3744-510c-8967-9a46bdcdc135"",""urn:uuid:9bcd2e4f-c3a1-56ce-af36-7d94c43bbb1b"",""urn:uuid:9c5f1db6-ac33-5a4d-9adb-27e085266c45"",""urn:uuid:9db68970-b7e3-5a49-a185-4ab2d8a81ea2"",""urn:uuid:9e5560f7-5424-501a-91f2-bb372fb7e0c9"",""urn:uuid:a0dbb69f-c357-5b6f-8a17-327956efbe89"",""urn:uuid:a270f909-e582-52fa-839e-5f16a15a38fc"",""urn:uuid:a2e4c4f6-f89c-57fa-86b6-6c0737f03429"",""urn:uuid:a3089351-8b47-50bf-8f79-2a0f1dd0c231"",""urn:uuid:a379fc20-f2b6-57c6-8a9e-3569535a36b9"",""urn:uuid:a4efe832-5d03-5c86-9f0d-c740148d1394"",""urn:uuid:a63a7f09-b499-5955-b825-60bd22165415"",""urn:uuid:a840704f-0c76-566b-ae32-60034f561af3"",""urn:uuid:a88ea0a1-fef5-5c8f-a71a-63717c1b153e"",""urn:uuid:a8cb93f0-b9f2-59cd-b694-a95280e00ca8"",""urn:uuid:a8e12388-3ab0-5005-8227-b9c2a28ebfa7"",""urn:uuid:a8fd854b-2c22-54e6-9ba9-5370a03a0727"",""urn:uuid:aa14ccd0-7cf3-5e69-92e9-0184eb0c1796"",""urn:uuid:aa1b4cc7-7938-5d07-8ac7-dd78481ef811"",""urn:uuid:ab44c7ec-e8dc-5263-ab49-4a0d166f07e5"",""urn:uuid:ab4926ce-ea74-5b16-9c8f-58d362d0657e"",""urn:uuid:ac5dd45e-0ab8-571a-9274-37a0aced8b48"",""urn:uuid:b0521772-f073-568f-82a8-beecff2a7d3c"",""urn:uuid:b0536cfe-1403-5d50-afa1-fa62843df8b2"",""urn:uuid:b0afbc6d-2893-5ebc-9d28-059f9ebdd0f7"",""urn:uuid:b3398034-4123-53fe-a3d6-58a1a8f335a2"",""urn:uuid:b38a9963-4e55-5e56-99c6-8a862614026e"",""urn:uuid:b3aef34c-d22d-5713-8133-b9fb21305c8d"",""urn:uuid:b4209c3a-f622-5a20-970a-2d368274b2ca"",""urn:uuid:b4b4c374-0e53-560b-8db8-bf5e1eaa7834"",""urn:uuid:b4ecd3e6-f415-5f9b-a575-3bb9824b2c39"",""urn:uuid:b4f516f8-7cb2-5c89-8610-add5cd10ce6d"",""urn:uuid:b6548716-fb5d-5e0d-86cc-e2f5bf63c3db"",""urn:uuid:b93e938d-9e01-504c-b130-a4945e453175"",""urn:uuid:b9c92fbc-addc-517e-8c7f-35333036c1b4"",""urn:uuid:bcb9c5a5-4cdc-5911-b7f0-15b6d5e35c98"",""urn:uuid:bcf6a6c9-a4b4-5c1e-ba58-230dc7588475"",""urn:uuid:bd5d6ad3-12ed-59ce-a45c-ab9d14dbe812"",""urn:uuid:bde7e59e-3795-56e8-9ddb-4aa196c50483"",""urn:uuid:be4cea84-440b-538a-aba8-06c64bb6b513"",""urn:uuid:bee28cf7-9a26-5487-bf4c-ec44c66a7111"",""urn:uuid:bf4dfdef-3bf3-5d7f-88eb-12b4f2a1be0b"",""urn:uuid:bf502a97-8591-513d-9d57-1a8fe7bb0721"",""urn:uuid:bfc350f8-e4a3-59d4-8a90-8ef343f05362"",""urn:uuid:c027b2f0-36d6-5759-a86d-6f7f70be8412"",""urn:uuid:c0f2308a-54c6-5715-9471-78370fe08f84"",""urn:uuid:c23e2aff-396b-556e-a36e-7395e1f5dab4"",""urn:uuid:c3175c34-f16a-59bd-98e8-73b89df7413f"",""urn:uuid:c38a61c6-f277-58a0-b365-c84e70a32d99"",""urn:uuid:c51b8e6b-1f60-5fe0-abc6-0582bbb388c6"",""urn:uuid:c5778dd5-30df-542c-b0d2-e1e3964e6022"",""urn:uuid:c59522bb-2dea-58d0-a866-ff9f584c6072"",""urn:uuid:c5df943b-002b-508f-8996-4545abe13552"",""urn:uuid:c63a576c-af1e-564a-9a52-8903a698bf4f"",""urn:uuid:c6b59ceb-83cd-5370-82bf-c944f2cecc10"",""urn:uuid:c788de28-1c40-5e16-9f71-61cdd0a95226"",""urn:uuid:c868ae96-c663-52fb-92bb-174e811cc813"",""urn:uuid:c8ee36b4-37b8-5778-af4b-f5bae1fa1a8c"",""urn:uuid:c910552d-d536-578d-b4bc-df784fcfe304"",""urn:uuid:c98ef29a-3be0-58b3-9120-628991ca646a"",""urn:uuid:c9e30a12-5ef0-540f-b75b-55ec041983b3"",""urn:uuid:ca292810-7b9a-5349-8651-240e5af1043c"",""urn:uuid:ca3f4679-ad00-502a-8dce-ebe6ba856b25"",""urn:uuid:ca411970-540a-5c77-a271-26b98da616e7"",""urn:uuid:cc113c3f-6832-5cd8-85dc-ff3307bd936d"",""urn:uuid:cc2fc6b2-2eac-5c26-b716-fc79d4c0ff18"",""urn:uuid:cd85506b-6844-5aa8-a2f6-b1f5783f2311"",""urn:uuid:cda4106c-5d70-591d-a55b-545e9fa09425"",""urn:uuid:ce36a958-940c-5cb8-b84e-cf6dd28e88f3"",""urn:uuid:cf1573b1-825c-5a60-b889-d60afd97a946"",""urn:uuid:cf45b9ac-e51a-5ad4-be18-e6645e883763"",""urn:uuid:cf4aaac8-38e2-5260-bb20-957be9bed6f1"",""urn:uuid:cf9b2919-e501-5f73-a25e-a30c31b28682"",""urn:uuid:d0f3505b-d532-5bd1-b99d-6eeaf2362a01"",""urn:uuid:d12ce00c-29a3-5451-a73d-d3a85ff86488"",""urn:uuid:d1feaaaa-c779-55b2-bcbc-1e4b3cf85906"",""urn:uuid:d201dccf-a0cd-5ff1-96fb-e8f29b934141"",""urn:uuid:d360777c-6ad8-5d77-9554-152398848fc7"",""urn:uuid:d53e75c5-ed17-5481-9f76-357901a8ab3d"",""urn:uuid:d55d3893-afc0-5386-8d83-371e86292b77"",""urn:uuid:d665b535-5e0c-542e-bb20-7a7eb4e3c204"",""urn:uuid:d866dd1a-78b4-59c6-af38-3baeece40606"",""urn:uuid:d9b0b9ec-c435-58ce-a192-78ed3198eb98"",""urn:uuid:dc0154d0-dc9f-5fa8-9c21-9aa6a5c25074"",""urn:uuid:dcb65b8a-4d18-5d26-9850-61cf79001204"",""urn:uuid:dd216cd2-701f-567c-bf49-c2c586d3e0e5"",""urn:uuid:dda346f1-2661-534d-9f1c-d7e97bb9513c"",""urn:uuid:dde1b024-05c1-5532-9f80-f2b44bfe900f"",""urn:uuid:dfbec4f7-f1fb-5043-80aa-dd9e18c40904"",""urn:uuid:dfde0ff3-63a0-55bb-b67c-d05e7837e774"",""urn:uuid:e063ebb9-cf59-518f-8ae7-33c835b7197b"",""urn:uuid:e17461b6-4576-5cc8-95d0-c5da05f6f916"",""urn:uuid:e201de2b-d9cf-5b6f-a024-59d8e9d1eb5e"",""urn:uuid:e24da162-6378-54ca-8dc3-a54274255b81"",""urn:uuid:e270f979-3760-53b6-aef9-9f3ce89f84a5"",""urn:uuid:e316c909-9cef-5c26-8839-7da5d01efd9a"",""urn:uuid:e35159d3-74db-59c0-ae32-d3a9353863b6"",""urn:uuid:e5655367-7f17-5aec-86e3-9eb6ac2f0bc7"",""urn:uuid:e981b19b-30d4-5ab6-9e65-e2f7c27bd0c8"",""urn:uuid:e9a3c3c6-2c9e-589c-9db5-8b7ea99824e2"",""urn:uuid:eb7c44fa-9dcf-5006-b9ca-63fb55331344"",""urn:uuid:eb7cc80b-43c9-5c7b-9604-55f1d7489d71"",""urn:uuid:ebffa7bb-7132-5535-befa-cdead53ed53d"",""urn:uuid:ec15c25c-e938-5fef-ae15-eb350410ad00"",""urn:uuid:ec427a0e-286f-5800-86af-652c91e28c8e"",""urn:uuid:ec9fe245-0b15-5e95-a8bd-a864a6793072"",""urn:uuid:f06ef48e-c08e-56db-b7dc-8bfe2f33c377"",""urn:uuid:f0bf3009-b561-5e98-a737-e39ab057cd2d"",""urn:uuid:f0c5e6fe-62b7-5cc2-9c64-105c563b31c5"",""urn:uuid:f0e16a66-87f9-5fde-ad14-ad586d5e4de8"",""urn:uuid:f0f60925-8984-5c65-9056-d4a49e38e1b9"",""urn:uuid:f21aa029-0f4b-547e-b0a2-744acf0fee75"",""urn:uuid:f3c7e6ac-9839-518d-a4c8-5f632c878bf1"",""urn:uuid:f523812d-ad23-5250-97a8-88617ac2101e"",""urn:uuid:f6b44282-6218-541a-9d81-fff3041c1323"",""urn:uuid:f6b90b3c-7203-5bb2-877b-6c71d7842611"",""urn:uuid:f6ee4106-903d-5602-a4bd-b924482d60a9"",""urn:uuid:f7238a10-37f0-5ac5-8b16-77cff97f2e0a"",""urn:uuid:f7fdff39-af49-5911-a4c6-35afbf1c9eb1"",""urn:uuid:f83a6fba-be4b-579d-9cda-2edfe66a2ef0"",""urn:uuid:f861bd38-5ec1-5182-911a-2f6d427bdd6c"",""urn:uuid:f8ef3087-8b7f-5ebe-817e-6e857308af45"",""urn:uuid:f98b1a96-1a5f-5b4a-89e1-e608cf889370"",""urn:uuid:fa161314-4a7c-580b-b878-3b18f83716a2"",""urn:uuid:fadfb71b-2dcd-51fe-9434-818e215707fc"",""urn:uuid:fba0af12-4637-516e-bd55-ca4a8a937b7b"",""urn:uuid:fd5e5f5e-4d07-5d2f-ae06-4d141776b2f3"",""urn:uuid:fd92226d-b32f-5644-aa99-e92705c2ec0b"",""urn:uuid:fd9928a9-f5b3-5c74-9a7a-afb15ee64c4f"",""urn:uuid:fdd88948-b072-58d3-a1a1-d0b1df00a026"",""urn:uuid:feeb1a2e-a084-5e62-bd2b-cd3a87357a18"",""urn:uuid:ffb21500-97b6-5ab4-87bd-3dc3abfb0962""]","[]","urn:uuid:2d8dd580-22d9-5cfe-b865-6ed6b59af68e","active","{""artifact_kind"":""jsonl"",""bytes"":596621,""id"":""urn:uuid:00c3c416-3bf7-59f8-a7d0-66037a34a4f0"",""manifest_ids"":[],""path"":""translation/TRANSLATION_MANIFEST.jsonl"",""produced_from_ids"":[""urn:uuid:00227bb8-30ad-5e16-b28f-16a37e8eb65e"",""urn:uuid:0294cc57-9426-5f38-8fc5-3df88fc762b3"",""urn:uuid:055b648d-433b-599f-a89e-f07023c47848"",""urn:uuid:06049b89-58f7-5a92-a6d9-2b1ea90ed46b"",""urn:uuid:0606e584-e38d-51a0-a41d-1fba7f906911"",""urn:uuid:067468e8-280d-5ad6-96b4-89cc10e609ad"",""urn:uuid:06c52b71-db44-5a8a-bcf6-01df1c0df028"",""urn:uuid:07374870-7c31-523d-a8d8-071c22b9c84c"",""urn:uuid:07932032-a56f-5e29-995f-ae2b26cea30b"",""urn:uuid:07b3b8af-affa-551e-8a59-faa5bc7c20ee"",""urn:uuid:0815c851-8c8c-50fd-abb8-0b6e6c2be838"",""urn:uuid:088a2076-c1e9-5dd4-bf02-cc7fdb06083f"",""urn:uuid:094c8dd3-3053-5546-a05c-04a852f0a39d"",""urn:uuid:09c99caf-e094-530f-99e6-25809a0d9452"",""urn:uuid:0ac42c50-7f72-5fc0-8e23-48ec99426f16"",""urn:uuid:0b0eab53-d3ad-5ea3-8601-a2ef84432794"",""urn:uuid:0b5f97df-5910-54a6-b0b8-d7188686b1ee"",""urn:uuid:0ca6e51d-4663-5814-83e2-289fa2803f20"",""urn:uuid:0d309b4b-5ed5-591e-ae01-0f9998b6e636"",""urn:uuid:0d9e3fd7-52e4-5b9e-bef5-7b19a2011182"",""urn:uuid:0e070d7d-9e89-5a89-801a-ba7307bb93f8"",""urn:uuid:0e8e1579-d184-50ae-aa22-63f499adb826"",""urn:uuid:0f253bac-3e2c-5e0f-ac96-01c95264a866"",""urn:uuid:0fdb7dc0-7c92-579e-97e7-002626473054"",""urn:uuid:0ff9f3a9-1368-5b13-aa93-1cb31168c62a"",""urn:uuid:10b91f89-8c62-520d-ac1b-e1778c5bb951"",""urn:uuid:10fbcc56-af78-52b2-bf60-9dc148c3a4ef"",""urn:uuid:1195f8ce-201b-527d-a22b-5ef88a45ed3f"",""urn:uuid:12d15fbe-66e6-56b2-a728-c5039ab3ed8a"",""urn:uuid:1342722b-1984-5431-8c60-1a47b4590ed1"",""urn:uuid:1347e4a8-7ac2-565b-beed-fd587c0f46fb"",""urn:uuid:14c90cb8-4844-5918-b8af-c60fe05b83a2"",""urn:uuid:14e96bad-62ce-5d61-a48e-32e1d22ca8dd"",""urn:uuid:1557e374-85ae-5893-80d7-154897af9f62"",""urn:uuid:159a2cfc-1ebf-5d51-be28-128847eaf02a"",""urn:uuid:16871195-c52d-50d1-a2cf-3a5e063ab8bd"",""urn:uuid:16a00bab-e754-5958-acef-2042396fe569"",""urn:uuid:16c2a6b3-b4c8-508e-9057-d2738658bdd1"",""urn:uuid:16cee983-2334-5e2a-ad99-1270a9e4b432"",""urn:uuid:1717e68c-f4ad-576a-b1b4-fdcdaa89d385"",""urn:uuid:176ab929-65ba-51d6-b357-70c15f55bbf3"",""urn:uuid:18497c05-32c8-53b0-bd14-c356d7dbd1f7"",""urn:uuid:18909e99-b17f-5448-941d-e7ed2c7d2562"",""urn:uuid:198b5dd2-7108-5771-be95-4256d59d7820"",""urn:uuid:1afca295-f38a-571a-909f-e422923b6bbe"",""urn:uuid:1b111e58-2af9-5ce1-9783-f653b382f1de"",""urn:uuid:1b72a453-6f1e-501f-bd2f-9d629c74a9c3"",""urn:uuid:1c3448f2-9226-514e-8d93-e2ea5f2e1de2"",""urn:uuid:1c7fb31c-f936-5801-8352-8354326ed5c8"",""urn:uuid:1cff1ea1-d862-5847-acfe-599e76bc9fa5"",""urn:uuid:1d05571f-9548-5c94-a6a9-7dd7716adf5a"",""urn:uuid:1d46f797-20c7-5185-99df-5d7e5afd5389"",""urn:uuid:1d4fc966-6b2d-56b2-a4a7-ca0f332cb60c"",""urn:uuid:1f82f187-7173-5327-a801-29c18b499739"",""urn:uuid:1fa8b22b-112e-56e5-8c26-75cfdc375563"",""urn:uuid:205638b8-6fff-5da6-8cc9-7e45ee0ae94d"",""urn:uuid:21122158-07b9-59c8-baa3-a2e97f751dc6"",""urn:uuid:21128674-d98d-56fe-9460-5c796176da2c"",""urn:uuid:220b0b5f-5464-5d10-8e91-e007ab89cc95"",""urn:uuid:220fae1d-9642-53ef-a833-0cc964439929"",""urn:uuid:2244cd35-5995-52c5-bfe8-640ade304fd5"",""urn:uuid:242cb323-2da2-5d73-852c-449393f28653"",""urn:uuid:245fa607-9a47-5fb8-be13-0b65c80295f9"",""urn:uuid:248b46e9-2aec-509f-a567-661f75e87778"",""urn:uuid:24ab2c57-a46c-505b-b352-d44a726aeb67"",""urn:uuid:24ae35ed-8054-518c-bdc8-1d7554d52877"",""urn:uuid:25f69f0b-cfd5-55c7-8475-144162b67d71"",""urn:uuid:271fd9d0-c7d9-5d35-a223-e44fb8d06d79"",""urn:uuid:277e45e5-87c8-50d4-9df1-f88fb12d81d9"",""urn:uuid:2837e60f-acf7-5e86-a501-8f62652409ba"",""urn:uuid:2977afac-5de8-5840-9c78-518c05f5a24a"",""urn:uuid:2a3ec4e7-a1cd-54cb-907d-5bc9a08f2d30"",""urn:uuid:2a8f6bb0-149a-5fb7-be25-dd2f2f22514c"",""urn:uuid:2abc84c8-21b0-53d9-aec0-54c44805f425"",""urn:uuid:2abef04b-2d4d-5238-8c86-7297c9dcec73"",""urn:uuid:2be2de0c-644f-5967-bb6f-58b6fcea7569"",""urn:uuid:2cfd0be1-8aed-5e30-af65-4a2538ed80c0"",""urn:uuid:2d2d2e6f-9132-5ce5-956f-f2d60eaea162"",""urn:uuid:2e972372-be7a-50f0-a708-3f6dea54ea0f"",""urn:uuid:2ec55e9b-0867-5f37-9e04-cc59c03a9e6f"",""urn:uuid:2eef93b3-7f3f-55f0-9a62-569b27928de3"",""urn:uuid:2f1daaf6-d93e-5d24-a7b6-0e4cd1778a1a"",""urn:uuid:2fbb1bce-6e2d-5f70-9c99-e9c4ca688b84"",""urn:uuid:2fe734a9-79fb-5d78-8e14-af6050bf3845"",""urn:uuid:31bfb56e-37eb-5e3e-ba4d-fe58785f01bd"",""urn:uuid:32056342-6788-5bc3-9c6b-2d68a22f08c1"",""urn:uuid:328d633f-a0f3-5c39-a105-8fd440ed43a7"",""urn:uuid:32990d9b-c482-58d5-945e-3ec3ff684bdd"",""urn:uuid:329a4313-43d4-5b37-9e1c-7c689f01291d"",""urn:uuid:32bbfa4a-36d4-504d-ae7f-b2b932067cc6"",""urn:uuid:330a19af-4e02-5ef9-8a63-c66b1bc1da33"",""urn:uuid:3342bfa1-56e7-5f86-89ad-330731408a74"",""urn:uuid:336049fc-47bb-5db0-b530-5b33a8a7207b"",""urn:uuid:340f0469-3c96-5ac8-87dd-766dfa5d72b9"",""urn:uuid:3438abc5-ea71-5451-ae65-71acd8e856a6"",""urn:uuid:34e28bfb-c451-5dee-92b6-28da4d6ffbfe"",""urn:uuid:34e80483-cf51-57e0-a738-4f72f058ad4a"",""urn:uuid:34fa59bb-fc14-56d6-a738-c5f15e3fd660"",""urn:uuid:365e4d5a-71b9-5918-a2be-b5f8ae297a98"",""urn:uuid:36881440-49bc-5232-a565-4e3b5d9a0cc7"",""urn:uuid:37350be9-aea4-59f3-86e4-383f450e1568"",""urn:uuid:373ad8a5-4af2-5d79-912e-719559bab9c3"",""urn:uuid:37403b5a-83c9-50fa-8cd7-8198f175ec29"",""urn:uuid:39c312ec-759e-5900-8a0e-234276d1765a"",""urn:uuid:3a2cf14c-3e36-5e73-8b1a-660be1659ff8"",""urn:uuid:3afb549b-7550-596c-b411-fc8c9f334ad8"",""urn:uuid:3be013f5-7f1d-5048-984e-1cb684a53ed0"",""urn:uuid:3be96112-43d1-5060-bcab-2acd5131779c"",""urn:uuid:3cd894f6-dd12-5721-b1f0-47e0c8e670e8"",""urn:uuid:3d785131-bde9-5325-b269-0fb7da706bd6"",""urn:uuid:3dc6268b-c7c0-5cc9-9deb-34f84318d9e5"",""urn:uuid:3e77fced-eddc-54cf-8578-c407389dd7cf"",""urn:uuid:3f284491-cb5b-5fc4-ab5e-ff942a75895e"",""urn:uuid:3f44e8af-3d83-5c87-aa80-f1728067d86b"",""urn:uuid:4074a4d3-05e1-5d53-b2a2-1a0d15d7c027"",""urn:uuid:411cb4af-3c3e-52e4-a591-78467d118041"",""urn:uuid:415347de-13ca-5e87-9968-1cfa1286683d"",""urn:uuid:415e7d76-98f9-5909-a57f-7841ccd31548"",""urn:uuid:416d178d-0321-5736-a5e0-82a986b80266"",""urn:uuid:41c7a396-a90b-502e-85f3-1d57007123e8"",""urn:uuid:41cf1c63-ddc5-5ea4-aa3b-78823735b078"",""urn:uuid:426f1185-3a1c-58e5-b476-eef17d58737d"",""urn:uuid:42820b3e-fb8d-5b2e-aed4-ba8b3a245b4e"",""urn:uuid:4346b1c5-e3a4-52d9-a6d0-2d0fc301cae4"",""urn:uuid:435d76fa-71cb-5b5d-ab60-4761e29ed6f5"",""urn:uuid:43a0a24a-1885-5cbc-b75b-49489a717ade"",""urn:uuid:43a249f8-dc4a-5eb9-9e3c-c808f4017020"",""urn:uuid:44b8e35b-2da4-5e87-aa3d-b7b986b8f28f"",""urn:uuid:4512a20c-fcc6-59ce-8aa2-e497f7a045e1"",""urn:uuid:46258053-8995-5d95-ba66-96e1a0ca7f57"",""urn:uuid:47a87473-bbe8-5efa-946e-c1009de0ec3f"",""urn:uuid:48df1653-2fd0-5e18-983c-0d327232a40e"",""urn:uuid:48e3127e-e94d-5ffc-9a18-36486f33d2ed"",""urn:uuid:4a189a3e-87e9-5c25-b3aa-4c7b57a30926"",""urn:uuid:4a4a6f97-7a61-50b5-a2c7-b426a66d89b0"",""urn:uuid:4abfcb45-2bcc-550b-a1c1-b247ddd412c5"",""urn:uuid:4ac229d8-4c08-5538-8244-f29e8ca6ee7a"",""urn:uuid:4b28bbb0-9c15-5f73-ab80-761307f0e5c1"",""urn:uuid:4be20dee-5f59-5513-a889-a524f5d27070"",""urn:uuid:4c3f52ca-7c43-5dce-8d0d-56e372886789"",""urn:uuid:4e733f59-b73f-5da3-8214-5caf33da6c2c"",""urn:uuid:4ed5ab7b-0e1a-52f9-901f-6960ac0a8e9c"",""urn:uuid:5075e5d3-2355-52c9-a3a7-5bc334d6657f"",""urn:uuid:52da6cb8-e7c0-5536-8a76-b1145c62c602"",""urn:uuid:536fbe40-1a8a-5abe-98d2-f00452e92bcd"",""urn:uuid:54af0ff3-80e7-5ecc-a3e1-c2806c999896"",""urn:uuid:54bc242f-01ea-57f7-bccb-570fbba067cd"",""urn:uuid:570a1a8f-0703-5674-a093-537d61ea851b"",""urn:uuid:574ba353-611a-5645-8d44-267b202bcb82"",""urn:uuid:578523a9-7d18-564c-8207-023c60d3c3c8"",""urn:uuid:5837a918-93cb-52b5-8bb2-d00bb590c884"",""urn:uuid:583e0cd8-9ff4-57ff-8bd8-55a4b6ec5483"",""urn:uuid:589367ac-9c70-5147-bde3-45f1cbdc6f3a"",""urn:uuid:5a5548fd-1272-5a7c-a486-e18512b5d01b"",""urn:uuid:5b56ee31-6fac-513b-9aa8-79fed7cdc8b1"",""urn:uuid:5b883c5f-853b-5340-8147-91764cf949db"",""urn:uuid:5bc4ec01-61b0-5dc3-886c-f702912899c3"",""urn:uuid:5bcbc34d-9943-572d-9a58-0f00e0c0c62f"",""urn:uuid:5d2c8922-2535-5aea-a473-a042729eea71"",""urn:uuid:5d545ba2-e395-59cd-85bb-93e658fcfedf"",""urn:uuid:5d54ff13-dd11-5650-b688-f5a28dcba21e"",""urn:uuid:5d553e8a-b948-5bdc-8a06-29fca536528a"",""urn:uuid:5d76c92d-7645-58a7-b511-627d122b36ae"",""urn:uuid:5f65d650-b9fa-536c-af8c-fabb6b97e1b7"",""urn:uuid:5f6c3f9e-8fd3-5e7a-bbf6-b6d050e604ac"",""urn:uuid:60e29a6e-f517-535a-8067-5cd5f21f32dd"",""urn:uuid:61bdf962-f54f-54d2-ae3d-f96fb76806e2"",""urn:uuid:63708803-214f-5a25-84c4-6946233f282c"",""urn:uuid:63cb8a8a-eb33-5fee-8cd1-5a97aa782607"",""urn:uuid:64831c22-a1a4-5c2d-915e-d410f9280474"",""urn:uuid:666ea759-7223-57f5-bb58-684b9f0b40f9"",""urn:uuid:674c29ba-8653-54fe-97ff-2cbfc0dc2b49"",""urn:uuid:67a80b01-e07b-5529-9b3e-314b636a2570"",""urn:uuid:6ab33327-908b-5687-8a23-867272d8c382"",""urn:uuid:6abff76e-41da-5c96-913f-497933ddfcd7"",""urn:uuid:6adfd09d-1d21-5acf-a160-d3a7065db631"",""urn:uuid:6b252441-3578-5244-8607-87d0203dcbf0"",""urn:uuid:6b4fa0fe-6f3a-5040-9b76-43f55e5e08fc"",""urn:uuid:6bbd85c8-4a3d-5b52-aac4-79fdcfd45ec5"",""urn:uuid:6c85b56b-81c2-5b89-b092-baab8f73e627"",""urn:uuid:6d1c2f5d-b696-5419-8c7d-2a69dd457573"",""urn:uuid:6d50832d-e7da-5a20-9070-822460348a4b"",""urn:uuid:6e315916-0903-5f4c-81c9-b8dc9f4f3266"",""urn:uuid:6e8a41f0-764f-5c24-a522-b8568fb2879d"",""urn:uuid:6efdbd5a-85be-5c80-8709-a4cfed6f86c6"",""urn:uuid:6fc772ee-acee-5f7c-bdc3-4fecbead138b"",""urn:uuid:71897f7d-a0c3-513a-a02e-f051b9640e86"",""urn:uuid:71914fea-5ba3-58df-a2f0-587227a0b938"",""urn:uuid:71a1b53b-7ab6-5ac0-b670-808842ab0782"",""urn:uuid:71ef7593-f990-5c09-94e0-449a8ff067a7"",""urn:uuid:722026b4-d17a-5805-b994-4ca5ef309286"",""urn:uuid:727aa567-3d79-5ce7-9f35-6aae66f62e2b"",""urn:uuid:72dffb1e-71ea-5cb4-839c-88d2bb359893"",""urn:uuid:73258470-f5a9-522b-a40d-8b627f86736e"",""urn:uuid:7341e5f1-ba91-555b-8281-2cb53294f878"",""urn:uuid:73c1fefd-dda5-5a73-b206-5e03aa9d2ab4"",""urn:uuid:73f76bbb-1849-5ed0-8b5e-05f3da85fcaf"",""urn:uuid:7409146c-e0e2-55e4-a64d-a78ecf27d7bf"",""urn:uuid:7432bee5-dc7d-54c8-99ed-9437ebf9c91e"",""urn:uuid:74817b67-f33a-5770-8d87-c4ca97aa92fd"",""urn:uuid:74acf85c-c66a-58a3-953b-56e04465ace9"",""urn:uuid:761521b3-298b-5d74-94a4-db2ff66d56aa"",""urn:uuid:768e0cd2-0958-5072-9c24-420c39b95d03"",""urn:uuid:76dd3ba2-1ab2-5af4-911b-e93f37eb4c30"",""urn:uuid:77ee0f3e-6321-5859-bb11-aa5052fd8152"",""urn:uuid:7938200f-b272-515c-b59a-45c20bb3bce7"",""urn:uuid:7b47aef6-b0ba-56f2-8f7c-bb8d540ff80d"",""urn:uuid:7b8a0aed-9845-5e79-b1c7-5941dfe8743d"",""urn:uuid:7bc0ec22-80d7-56b5-ae9b-a7b0fbe6b8a9"",""urn:uuid:7bdc2811-4452-503b-b4b7-0634790363ff"",""urn:uuid:7cd72268-919e-5a0f-bf8d-a231a51cfd04"",""urn:uuid:7ce764f0-d21a-5a9b-8346-b6a1ce614162"",""urn:uuid:7d18f466-c47f-5b58-b647-1b10e3a6a0b7"",""urn:uuid:7d704713-a161-5246-ade4-669650781a0a"",""urn:uuid:7dc09d7d-ffab-55ff-a28b-177f7d987af3"",""urn:uuid:7e41849b-cc90-593f-8edf-08227e59f3d6"",""urn:uuid:7f287ebd-b151-5c33-b342-d94e6f23ff12"",""urn:uuid:7f8e66cf-3109-5f23-9844-9c908f758dc1"",""urn:uuid:7f928d37-20cd-5886-b39b-bf4e0bd6a96a"",""urn:uuid:802c58bd-fbcc-538c-bf3f-e1fe853d5a20"",""urn:uuid:80319c43-860f-59d6-8a5f-886dba56070b"",""urn:uuid:803f3f3a-230f-539c-8a1d-2c6ab3b56966"",""urn:uuid:8180f5fb-4b23-5572-a3b7-b6caeb8a6348"",""urn:uuid:81c3dcf5-ee8a-5b56-97f6-38fc486b5cff"",""urn:uuid:821e0a4c-b8a1-5af3-8c3b-1cae29b26bdb"",""urn:uuid:8464650a-4003-5dd6-aeb3-c8a881811cf3"",""urn:uuid:8492dbd1-ab13-524e-a2f4-0e8756d21173"",""urn:uuid:8495ca4e-bdaa-58ee-aa0e-2c4194def33d"",""urn:uuid:8532300f-511a-5f5a-9b59-53edc369f8b6"",""urn:uuid:8554bd58-5734-51a2-90fb-08278a30a00a"",""urn:uuid:8598ab9a-40df-5644-8729-e55b4d83d577"",""urn:uuid:8630be08-2901-5602-9626-c0cf026a12f8"",""urn:uuid:863bf0b7-e71e-5d5d-b70b-3682cc3d696b"",""urn:uuid:865b1f06-7ed6-5f44-b6f1-9b5c70b4e79d"",""urn:uuid:88ab4219-e353-5c20-bd6a-6d0b3b1aa309"",""urn:uuid:891e6de1-81d7-5205-bf64-92fccef6036a"",""urn:uuid:89e38f1e-94da-5c3b-bab7-80de04b9f46a"",""urn:uuid:8b5077c5-9f15-575a-adf3-a3b8d2e63390"",""urn:uuid:8c23380e-5abc-5fa7-b1c5-6d52ef9c53b6"",""urn:uuid:8c5b2609-bc4a-59a4-9953-87a448c83ff6"",""urn:uuid:8d39ad91-f76b-59c4-8a0b-d68a59404ffe"",""urn:uuid:8d4a0580-598b-5baa-80ca-0692ff8b7974"",""urn:uuid:8f0ab7fa-1596-5fa3-b492-64d58e22acbc"",""urn:uuid:8f1b67cc-21c0-56b8-8d2d-af538ac2d9bb"",""urn:uuid:8f722384-e145-51a8-b5b4-a8bd09dedc8d"",""urn:uuid:8fe14a21-c0cf-52a3-a843-ba4f6266cf18"",""urn:uuid:90d834f9-e546-558e-ab4e-aa4cbf78c62c"",""urn:uuid:939707be-b74a-5a95-bd95-8c735b1e833b"",""urn:uuid:93a6ee61-5523-56c1-ba00-55320a3c8ba2"",""urn:uuid:94266451-e2c8-5334-bbe2-e89bac262baa"",""urn:uuid:953e131f-7830-5b47-b20e-d3a7095bfb8d"",""urn:uuid:957100a9-310a-5ff8-8a38-39e4eaa15a3f"",""urn:uuid:9650b92e-37e5-59ad-bade-01c564391bde"",""urn:uuid:970324a3-c269-5c1f-9f9b-9ead750d8d78"",""urn:uuid:97e056ec-c66c-5df2-8537-3fda58c93a1f"",""urn:uuid:986cd126-f292-5387-b93a-906a54473596"",""urn:uuid:9871b870-dc3e-56c3-a4b9-88e786e38fb8"",""urn:uuid:997a9f77-c53e-54e0-beb5-1dcc79a9f04d"",""urn:uuid:99d871b8-1dab-5ff0-8f3d-99f000bb44e7"",""urn:uuid:9a23c9d2-b16f-56b5-a3a5-a4b99a904ab6"",""urn:uuid:9a5c6d10-0e65-5e43-924b-47d603244378"",""urn:uuid:9ab75a11-3744-510c-8967-9a46bdcdc135"",""urn:uuid:9bcd2e4f-c3a1-56ce-af36-7d94c43bbb1b"",""urn:uuid:9c5f1db6-ac33-5a4d-9adb-27e085266c45"",""urn:uuid:9db68970-b7e3-5a49-a185-4ab2d8a81ea2"",""urn:uuid:9e5560f7-5424-501a-91f2-bb372fb7e0c9"",""urn:uuid:a0dbb69f-c357-5b6f-8a17-327956efbe89"",""urn:uuid:a270f909-e582-52fa-839e-5f16a15a38fc"",""urn:uuid:a2e4c4f6-f89c-57fa-86b6-6c0737f03429"",""urn:uuid:a3089351-8b47-50bf-8f79-2a0f1dd0c231"",""urn:uuid:a379fc20-f2b6-57c6-8a9e-3569535a36b9"",""urn:uuid:a4efe832-5d03-5c86-9f0d-c740148d1394"",""urn:uuid:a63a7f09-b499-5955-b825-60bd22165415"",""urn:uuid:a840704f-0c76-566b-ae32-60034f561af3"",""urn:uuid:a88ea0a1-fef5-5c8f-a71a-63717c1b153e"",""urn:uuid:a8cb93f0-b9f2-59cd-b694-a95280e00ca8"",""urn:uuid:a8e12388-3ab0-5005-8227-b9c2a28ebfa7"",""urn:uuid:a8fd854b-2c22-54e6-9ba9-5370a03a0727"",""urn:uuid:aa14ccd0-7cf3-5e69-92e9-0184eb0c1796"",""urn:uuid:aa1b4cc7-7938-5d07-8ac7-dd78481ef811"",""urn:uuid:ab44c7ec-e8dc-5263-ab49-4a0d166f07e5"",""urn:uuid:ab4926ce-ea74-5b16-9c8f-58d362d0657e"",""urn:uuid:ac5dd45e-0ab8-571a-9274-37a0aced8b48"",""urn:uuid:b0521772-f073-568f-82a8-beecff2a7d3c"",""urn:uuid:b0536cfe-1403-5d50-afa1-fa62843df8b2"",""urn:uuid:b0afbc6d-2893-5ebc-9d28-059f9ebdd0f7"",""urn:uuid:b3398034-4123-53fe-a3d6-58a1a8f335a2"",""urn:uuid:b38a9963-4e55-5e56-99c6-8a862614026e"",""urn:uuid:b3aef34c-d22d-5713-8133-b9fb21305c8d"",""urn:uuid:b4209c3a-f622-5a20-970a-2d368274b2ca"",""urn:uuid:b4b4c374-0e53-560b-8db8-bf5e1eaa7834"",""urn:uuid:b4ecd3e6-f415-5f9b-a575-3bb9824b2c39"",""urn:uuid:b4f516f8-7cb2-5c89-8610-add5cd10ce6d"",""urn:uuid:b6548716-fb5d-5e0d-86cc-e2f5bf63c3db"",""urn:uuid:b93e938d-9e01-504c-b130-a4945e453175"",""urn:uuid:b9c92fbc-addc-517e-8c7f-35333036c1b4"",""urn:uuid:bcb9c5a5-4cdc-5911-b7f0-15b6d5e35c98"",""urn:uuid:bcf6a6c9-a4b4-5c1e-ba58-230dc7588475"",""urn:uuid:bd5d6ad3-12ed-59ce-a45c-ab9d14dbe812"",""urn:uuid:bde7e59e-3795-56e8-9ddb-4aa196c50483"",""urn:uuid:be4cea84-440b-538a-aba8-06c64bb6b513"",""urn:uuid:bee28cf7-9a26-5487-bf4c-ec44c66a7111"",""urn:uuid:bf4dfdef-3bf3-5d7f-88eb-12b4f2a1be0b"",""urn:uuid:bf502a97-8591-513d-9d57-1a8fe7bb0721"",""urn:uuid:bfc350f8-e4a3-59d4-8a90-8ef343f05362"",""urn:uuid:c027b2f0-36d6-5759-a86d-6f7f70be8412"",""urn:uuid:c0f2308a-54c6-5715-9471-78370fe08f84"",""urn:uuid:c23e2aff-396b-556e-a36e-7395e1f5dab4"",""urn:uuid:c3175c34-f16a-59bd-98e8-73b89df7413f"",""urn:uuid:c38a61c6-f277-58a0-b365-c84e70a32d99"",""urn:uuid:c51b8e6b-1f60-5fe0-abc6-0582bbb388c6"",""urn:uuid:c5778dd5-30df-542c-b0d2-e1e3964e6022"",""urn:uuid:c59522bb-2dea-58d0-a866-ff9f584c6072"",""urn:uuid:c5df943b-002b-508f-8996-4545abe13552"",""urn:uuid:c63a576c-af1e-564a-9a52-8903a698bf4f"",""urn:uuid:c6b59ceb-83cd-5370-82bf-c944f2cecc10"",""urn:uuid:c788de28-1c40-5e16-9f71-61cdd0a95226"",""urn:uuid:c868ae96-c663-52fb-92bb-174e811cc813"",""urn:uuid:c8ee36b4-37b8-5778-af4b-f5bae1fa1a8c"",""urn:uuid:c910552d-d536-578d-b4bc-df784fcfe304"",""urn:uuid:c98ef29a-3be0-58b3-9120-628991ca646a"",""urn:uuid:c9e30a12-5ef0-540f-b75b-55ec041983b3"",""urn:uuid:ca292810-7b9a-5349-8651-240e5af1043c"",""urn:uuid:ca3f4679-ad00-502a-8dce-ebe6ba856b25"",""urn:uuid:ca411970-540a-5c77-a271-26b98da616e7"",""urn:uuid:cc113c3f-6832-5cd8-85dc-ff3307bd936d"",""urn:uuid:cc2fc6b2-2eac-5c26-b716-fc79d4c0ff18"",""urn:uuid:cd85506b-6844-5aa8-a2f6-b1f5783f2311"",""urn:uuid:cda4106c-5d70-591d-a55b-545e9fa09425"",""urn:uuid:ce36a958-940c-5cb8-b84e-cf6dd28e88f3"",""urn:uuid:cf1573b1-825c-5a60-b889-d60afd97a946"",""urn:uuid:cf45b9ac-e51a-5ad4-be18-e6645e883763"",""urn:uuid:cf4aaac8-38e2-5260-bb20-957be9bed6f1"",""urn:uuid:cf9b2919-e501-5f73-a25e-a30c31b28682"",""urn:uuid:d0f3505b-d532-5bd1-b99d-6eeaf2362a01"",""urn:uuid:d12ce00c-29a3-5451-a73d-d3a85ff86488"",""urn:uuid:d1feaaaa-c779-55b2-bcbc-1e4b3cf85906"",""urn:uuid:d201dccf-a0cd-5ff1-96fb-e8f29b934141"",""urn:uuid:d360777c-6ad8-5d77-9554-152398848fc7"",""urn:uuid:d53e75c5-ed17-5481-9f76-357901a8ab3d"",""urn:uuid:d55d3893-afc0-5386-8d83-371e86292b77"",""urn:uuid:d665b535-5e0c-542e-bb20-7a7eb4e3c204"",""urn:uuid:d866dd1a-78b4-59c6-af38-3baeece40606"",""urn:uuid:d9b0b9ec-c435-58ce-a192-78ed3198eb98"",""urn:uuid:dc0154d0-dc9f-5fa8-9c21-9aa6a5c25074"",""urn:uuid:dcb65b8a-4d18-5d26-9850-61cf79001204"",""urn:uuid:dd216cd2-701f-567c-bf49-c2c586d3e0e5"",""urn:uuid:dda346f1-2661-534d-9f1c-d7e97bb9513c"",""urn:uuid:dde1b024-05c1-5532-9f80-f2b44bfe900f"",""urn:uuid:dfbec4f7-f1fb-5043-80aa-dd9e18c40904"",""urn:uuid:dfde0ff3-63a0-55bb-b67c-d05e7837e774"",""urn:uuid:e063ebb9-cf59-518f-8ae7-33c835b7197b"",""urn:uuid:e17461b6-4576-5cc8-95d0-c5da05f6f916"",""urn:uuid:e201de2b-d9cf-5b6f-a024-59d8e9d1eb5e"",""urn:uuid:e24da162-6378-54ca-8dc3-a54274255b81"",""urn:uuid:e270f979-3760-53b6-aef9-9f3ce89f84a5"",""urn:uuid:e316c909-9cef-5c26-8839-7da5d01efd9a"",""urn:uuid:e35159d3-74db-59c0-ae32-d3a9353863b6"",""urn:uuid:e5655367-7f17-5aec-86e3-9eb6ac2f0bc7"",""urn:uuid:e981b19b-30d4-5ab6-9e65-e2f7c27bd0c8"",""urn:uuid:e9a3c3c6-2c9e-589c-9db5-8b7ea99824e2"",""urn:uuid:eb7c44fa-9dcf-5006-b9ca-63fb55331344"",""urn:uuid:eb7cc80b-43c9-5c7b-9604-55f1d7489d71"",""urn:uuid:ebffa7bb-7132-5535-befa-cdead53ed53d"",""urn:uuid:ec15c25c-e938-5fef-ae15-eb350410ad00"",""urn:uuid:ec427a0e-286f-5800-86af-652c91e28c8e"",""urn:uuid:ec9fe245-0b15-5e95-a8bd-a864a6793072"",""urn:uuid:f06ef48e-c08e-56db-b7dc-8bfe2f33c377"",""urn:uuid:f0bf3009-b561-5e98-a737-e39ab057cd2d"",""urn:uuid:f0c5e6fe-62b7-5cc2-9c64-105c563b31c5"",""urn:uuid:f0e16a66-87f9-5fde-ad14-ad586d5e4de8"",""urn:uuid:f0f60925-8984-5c65-9056-d4a49e38e1b9"",""urn:uuid:f21aa029-0f4b-547e-b0a2-744acf0fee75"",""urn:uuid:f3c7e6ac-9839-518d-a4c8-5f632c878bf1"",""urn:uuid:f523812d-ad23-5250-97a8-88617ac2101e"",""urn:uuid:f6b44282-6218-541a-9d81-fff3041c1323"",""urn:uuid:f6b90b3c-7203-5bb2-877b-6c71d7842611"",""urn:uuid:f6ee4106-903d-5602-a4bd-b924482d60a9"",""urn:uuid:f7238a10-37f0-5ac5-8b16-77cff97f2e0a"",""urn:uuid:f7fdff39-af49-5911-a4c6-35afbf1c9eb1"",""urn:uuid:f83a6fba-be4b-579d-9cda-2edfe66a2ef0"",""urn:uuid:f861bd38-5ec1-5182-911a-2f6d427bdd6c"",""urn:uuid:f8ef3087-8b7f-5ebe-817e-6e857308af45"",""urn:uuid:f98b1a96-1a5f-5b4a-89e1-e608cf889370"",""urn:uuid:fa161314-4a7c-580b-b878-3b18f83716a2"",""urn:uuid:fadfb71b-2dcd-51fe-9434-818e215707fc"",""urn:uuid:fba0af12-4637-516e-bd55-ca4a8a937b7b"",""urn:uuid:fd5e5f5e-4d07-5d2f-ae06-4d141776b2f3"",""urn:uuid:fd92226d-b32f-5644-aa99-e92705c2ec0b"",""urn:uuid:fd9928a9-f5b3-5c74-9a7a-afb15ee64c4f"",""urn:uuid:fdd88948-b072-58d3-a1a1-d0b1df00a026"",""urn:uuid:feeb1a2e-a084-5e62-bd2b-cd3a87357a18"",""urn:uuid:ffb21500-97b6-5ab4-87bd-3dc3abfb0962""],""record_type"":""artifact"",""recorded_at"":""2026-08-24T00:00:00Z"",""rights_id"":""urn:uuid:2d8dd580-22d9-5cfe-b865-6ed6b59af68e"",""schema_name"":""lebl.backend.record"",""schema_version"":""0.3.0"",""semantic_aliases"":[],""semantic_key"":""lebl.shared.artifact.translation-manifest-live-2026-08-24"",""sha256"":""sha256:500d6c59b57825cbfb53a8767a889c2aef6a25f375fe0a6aa3bdb6cb051a17cb"",""status"":""active"",""supersedes_id"":null,""toolchain"":[""exact live-manifest byte snapshot""],""workflow_id"":""01a01f57-a34b-7740-9717-596b8116910c/backend-production-v0.4-live""}"
"urn:uuid:8430a4f2-48be-5cf4-b204-d2aad5deaab9","lebl.ra.artifact.volume1-complete-receipt-2026-08-21","markdown","backend/production/v0.3/inputs/R006_VOLUME1_COMPLETE_CHECKPOINT_20260821.md","5789","sha256:82cba4bdec2dad69ce471550cdf0959c8200b58a9a6836ceed603451745df06a","[""exact Volume I build, converter, structural, and visual receipt""]","[""urn:uuid:2985f369-c946-5392-be8c-902d3c9215b2""]","[""urn:uuid:49c1bd6e-3245-559e-96cf-cc1fb55a9cbc""]","urn:uuid:2d8dd580-22d9-5cfe-b865-6ed6b59af68e","active","{""artifact_kind"":""markdown"",""bytes"":5789,""id"":""urn:uuid:8430a4f2-48be-5cf4-b204-d2aad5deaab9"",""manifest_ids"":[""urn:uuid:49c1bd6e-3245-559e-96cf-cc1fb55a9cbc""],""path"":""backend/production/v0.3/inputs/R006_VOLUME1_COMPLETE_CHECKPOINT_20260821.md"",""produced_from_ids"":[""urn:uuid:2985f369-c946-5392-be8c-902d3c9215b2""],""record_type"":""artifact"",""recorded_at"":""2026-08-21T00:00:00Z"",""rights_id"":""urn:uuid:2d8dd580-22d9-5cfe-b865-6ed6b59af68e"",""schema_name"":""lebl.backend.record"",""schema_version"":""0.3.0"",""semantic_aliases"":[],""semantic_key"":""lebl.ra.artifact.volume1-complete-receipt-2026-08-21"",""sha256"":""sha256:82cba4bdec2dad69ce471550cdf0959c8200b58a9a6836ceed603451745df06a"",""status"":""active"",""supersedes_id"":null,""toolchain"":[""exact Volume I build, converter, structural, and visual receipt""],""workflow_id"":""01a01f57-a34b-7740-9717-596b8116910c/backend-production-v0.3-r006-live""}"
"urn:uuid:07bda911-24fa-5a84-9b74-e84d766f090b","lebl.shared.artifact.backend-builder-v0.3","other","backend/production/build_production_v03.py","68359","sha256:756743e3af8e745008120eec781ec0c6ae764c82d40548ce16d4908c49addcec","[""deterministic Python 3 builder""]","[]","[]","urn:uuid:2d8dd580-22d9-5cfe-b865-6ed6b59af68e","active","{""artifact_kind"":""other"",""bytes"":68359,""id"":""urn:uuid:07bda911-24fa-5a84-9b74-e84d766f090b"",""manifest_ids"":[],""path"":""backend/production/build_production_v03.py"",""produced_from_ids"":[],""record_type"":""artifact"",""recorded_at"":""2026-08-21T00:00:00Z"",""rights_id"":""urn:uuid:2d8dd580-22d9-5cfe-b865-6ed6b59af68e"",""schema_name"":""lebl.backend.record"",""schema_version"":""0.3.0"",""semantic_aliases"":[],""semantic_key"":""lebl.shared.artifact.backend-builder-v0.3"",""sha256"":""sha256:756743e3af8e745008120eec781ec0c6ae764c82d40548ce16d4908c49addcec"",""status"":""active"",""supersedes_id"":null,""toolchain"":[""deterministic Python 3 builder""],""workflow_id"":""01a01f57-a34b-7740-9717-596b8116910c/backend-production-v0.3-r006-live""}"
"urn:uuid:05833ed8-58a8-5f9d-b50f-53df2454b66e","lebl.ra.artifact.volume1-final.alttexts.txt","other","qa/builds/ra-id-volume1-complete-20260821-final/alttexts.txt","64162","sha256:8c2f0692aec7daa6435a3d453f992603aa78d8661b187e2eaff4eb7361cb9471","[""identity imported from the exact Volume I completion receipt""]","[""urn:uuid:2985f369-c946-5392-be8c-902d3c9215b2""]","[""urn:uuid:49c1bd6e-3245-559e-96cf-cc1fb55a9cbc""]","urn:uuid:a0273f1c-6fad-54c7-a75a-32a5161da656","active","{""artifact_kind"":""other"",""bytes"":64162,""id"":""urn:uuid:05833ed8-58a8-5f9d-b50f-53df2454b66e"",""manifest_ids"":[""urn:uuid:49c1bd6e-3245-559e-96cf-cc1fb55a9cbc""],""path"":""qa/builds/ra-id-volume1-complete-20260821-final/alttexts.txt"",""produced_from_ids"":[""urn:uuid:2985f369-c946-5392-be8c-902d3c9215b2""],""record_type"":""artifact"",""recorded_at"":""2026-08-21T00:00:00Z"",""rights_id"":""urn:uuid:a0273f1c-6fad-54c7-a75a-32a5161da656"",""schema_name"":""lebl.backend.record"",""schema_version"":""0.3.0"",""semantic_aliases"":[],""semantic_key"":""lebl.ra.artifact.volume1-final.alttexts.txt"",""sha256"":""sha256:8c2f0692aec7daa6435a3d453f992603aa78d8661b187e2eaff4eb7361cb9471"",""status"":""active"",""supersedes_id"":null,""toolchain"":[""identity imported from the exact Volume I completion receipt""],""workflow_id"":""01a01f57-a34b-7740-9717-596b8116910c/backend-production-v0.3-r006-live""}"
"urn:uuid:c182beb1-252a-5564-be64-e40abf5b67e6","lebl.ra.artifact.volume1-final.converter.console.log","other","qa/builds/ra-id-volume1-complete-20260821-final/converter.console.log","1464436","sha256:d552780b6e997f031a834eadbfc5183ef38173199f5bf76dd550fea32190d3e3","[""identity imported from the exact Volume I completion receipt""]","[""urn:uuid:2985f369-c946-5392-be8c-902d3c9215b2""]","[""urn:uuid:49c1bd6e-3245-559e-96cf-cc1fb55a9cbc""]","urn:uuid:a0273f1c-6fad-54c7-a75a-32a5161da656","active","{""artifact_kind"":""other"",""bytes"":1464436,""id"":""urn:uuid:c182beb1-252a-5564-be64-e40abf5b67e6"",""manifest_ids"":[""urn:uuid:49c1bd6e-3245-559e-96cf-cc1fb55a9cbc""],""path"":""qa/builds/ra-id-volume1-complete-20260821-final/converter.console.log"",""produced_from_ids"":[""urn:uuid:2985f369-c946-5392-be8c-902d3c9215b2""],""record_type"":""artifact"",""recorded_at"":""2026-08-21T00:00:00Z"",""rights_id"":""urn:uuid:a0273f1c-6fad-54c7-a75a-32a5161da656"",""schema_name"":""lebl.backend.record"",""schema_version"":""0.3.0"",""semantic_aliases"":[],""semantic_key"":""lebl.ra.artifact.volume1-final.converter.console.log"",""sha256"":""sha256:d552780b6e997f031a834eadbfc5183ef38173199f5bf76dd550fea32190d3e3"",""status"":""active"",""supersedes_id"":null,""toolchain"":[""identity imported from the exact Volume I completion receipt""],""workflow_id"":""01a01f57-a34b-7740-9717-596b8116910c/backend-production-v0.3-r006-live""}"
"urn:uuid:13e21aa6-9007-5e3a-979a-7c6024bd0a5d","lebl.ra.artifact.volume1-final.pdflatex-pass-5.console.log","other","qa/builds/ra-id-volume1-complete-20260821-final/pdflatex-pass-5.console.log","36233","sha256:fccc105786fb2f92f1c74050cc7cb4cdf7521e3ba464c31a44aa96741a19e351","[""identity imported from the exact Volume I completion receipt""]","[""urn:uuid:2985f369-c946-5392-be8c-902d3c9215b2""]","[""urn:uuid:49c1bd6e-3245-559e-96cf-cc1fb55a9cbc""]","urn:uuid:a0273f1c-6fad-54c7-a75a-32a5161da656","active","{""artifact_kind"":""other"",""bytes"":36233,""id"":""urn:uuid:13e21aa6-9007-5e3a-979a-7c6024bd0a5d"",""manifest_ids"":[""urn:uuid:49c1bd6e-3245-559e-96cf-cc1fb55a9cbc""],""path"":""qa/builds/ra-id-volume1-complete-20260821-final/pdflatex-pass-5.console.log"",""produced_from_ids"":[""urn:uuid:2985f369-c946-5392-be8c-902d3c9215b2""],""record_type"":""artifact"",""recorded_at"":""2026-08-21T00:00:00Z"",""rights_id"":""urn:uuid:a0273f1c-6fad-54c7-a75a-32a5161da656"",""schema_name"":""lebl.backend.record"",""schema_version"":""0.3.0"",""semantic_aliases"":[],""semantic_key"":""lebl.ra.artifact.volume1-final.pdflatex-pass-5.console.log"",""sha256"":""sha256:fccc105786fb2f92f1c74050cc7cb4cdf7521e3ba464c31a44aa96741a19e351"",""status"":""active"",""supersedes_id"":null,""toolchain"":[""identity imported from the exact Volume I completion receipt""],""workflow_id"":""01a01f57-a34b-7740-9717-596b8116910c/backend-production-v0.3-r006-live""}"
"urn:uuid:2f1a60b7-96ef-594d-958e-3d985f9e4971","lebl.ra.artifact.volume1-final.realanal-out.xml","other","qa/builds/ra-id-volume1-complete-20260821-final/realanal-out.xml","1654092","sha256:2199e5881abe8082b0ab6b90ea96acc78a18ce99039c92dec4a541d2d64c044b","[""identity imported from the exact Volume I completion receipt""]","[""urn:uuid:2985f369-c946-5392-be8c-902d3c9215b2""]","[""urn:uuid:49c1bd6e-3245-559e-96cf-cc1fb55a9cbc""]","urn:uuid:a0273f1c-6fad-54c7-a75a-32a5161da656","active","{""artifact_kind"":""other"",""bytes"":1654092,""id"":""urn:uuid:2f1a60b7-96ef-594d-958e-3d985f9e4971"",""manifest_ids"":[""urn:uuid:49c1bd6e-3245-559e-96cf-cc1fb55a9cbc""],""path"":""qa/builds/ra-id-volume1-complete-20260821-final/realanal-out.xml"",""produced_from_ids"":[""urn:uuid:2985f369-c946-5392-be8c-902d3c9215b2""],""record_type"":""artifact"",""recorded_at"":""2026-08-21T00:00:00Z"",""rights_id"":""urn:uuid:a0273f1c-6fad-54c7-a75a-32a5161da656"",""schema_name"":""lebl.backend.record"",""schema_version"":""0.3.0"",""semantic_aliases"":[],""semantic_key"":""lebl.ra.artifact.volume1-final.realanal-out.xml"",""sha256"":""sha256:2199e5881abe8082b0ab6b90ea96acc78a18ce99039c92dec4a541d2d64c044b"",""status"":""active"",""supersedes_id"":null,""toolchain"":[""identity imported from the exact Volume I completion receipt""],""workflow_id"":""01a01f57-a34b-7740-9717-596b8116910c/backend-production-v0.3-r006-live""}"
"urn:uuid:eb450b43-3cc8-56ff-b1b7-18856aa26338","lebl.ra.artifact.volume1-final.realanal.log","other","qa/builds/ra-id-volume1-complete-20260821-final/realanal.log","111771","sha256:c511ddbfdd5c04cae09dc59603d1a93f4a07b31e569133e88cccb51741973d68","[""identity imported from the exact Volume I completion receipt""]","[""urn:uuid:2985f369-c946-5392-be8c-902d3c9215b2""]","[""urn:uuid:49c1bd6e-3245-559e-96cf-cc1fb55a9cbc""]","urn:uuid:a0273f1c-6fad-54c7-a75a-32a5161da656","active","{""artifact_kind"":""other"",""bytes"":111771,""id"":""urn:uuid:eb450b43-3cc8-56ff-b1b7-18856aa26338"",""manifest_ids"":[""urn:uuid:49c1bd6e-3245-559e-96cf-cc1fb55a9cbc""],""path"":""qa/builds/ra-id-volume1-complete-20260821-final/realanal.log"",""produced_from_ids"":[""urn:uuid:2985f369-c946-5392-be8c-902d3c9215b2""],""record_type"":""artifact"",""recorded_at"":""2026-08-21T00:00:00Z"",""rights_id"":""urn:uuid:a0273f1c-6fad-54c7-a75a-32a5161da656"",""schema_name"":""lebl.backend.record"",""schema_version"":""0.3.0"",""semantic_aliases"":[],""semantic_key"":""lebl.ra.artifact.volume1-final.realanal.log"",""sha256"":""sha256:c511ddbfdd5c04cae09dc59603d1a93f4a07b31e569133e88cccb51741973d68"",""status"":""active"",""supersedes_id"":null,""toolchain"":[""identity imported from the exact Volume I completion receipt""],""workflow_id"":""01a01f57-a34b-7740-9717-596b8116910c/backend-production-v0.3-r006-live""}"
"urn:uuid:d666c7a8-75bb-503f-aef5-14ee1a1f1579","lebl.ra.artifact.volume1-final.translation-ra-convert-to-mbx.pl","other","translation/ra/convert-to-mbx.pl","52543","sha256:3237805eafa1e024e1e0b0637fd0975dcc5d05894e8512dec65f449c297bacfb","[""identity imported from the exact Volume I completion receipt""]","[""urn:uuid:2985f369-c946-5392-be8c-902d3c9215b2""]","[""urn:uuid:49c1bd6e-3245-559e-96cf-cc1fb55a9cbc""]","urn:uuid:a0273f1c-6fad-54c7-a75a-32a5161da656","active","{""artifact_kind"":""other"",""bytes"":52543,""id"":""urn:uuid:d666c7a8-75bb-503f-aef5-14ee1a1f1579"",""manifest_ids"":[""urn:uuid:49c1bd6e-3245-559e-96cf-cc1fb55a9cbc""],""path"":""translation/ra/convert-to-mbx.pl"",""produced_from_ids"":[""urn:uuid:2985f369-c946-5392-be8c-902d3c9215b2""],""record_type"":""artifact"",""recorded_at"":""2026-08-21T00:00:00Z"",""rights_id"":""urn:uuid:a0273f1c-6fad-54c7-a75a-32a5161da656"",""schema_name"":""lebl.backend.record"",""schema_version"":""0.3.0"",""semantic_aliases"":[],""semantic_key"":""lebl.ra.artifact.volume1-final.translation-ra-convert-to-mbx.pl"",""sha256"":""sha256:3237805eafa1e024e1e0b0637fd0975dcc5d05894e8512dec65f449c297bacfb"",""status"":""active"",""supersedes_id"":null,""toolchain"":[""identity imported from the exact Volume I completion receipt""],""workflow_id"":""01a01f57-a34b-7740-9717-596b8116910c/backend-production-v0.3-r006-live""}"
"urn:uuid:72496543-fe18-56bf-a793-aea3da305f2c","lebl.ra.artifact.volume1-final.realanal-volume1-id.pdf","pdf","qa/builds/ra-id-volume1-complete-20260821-final/realanal-volume1-id.pdf","2871094","sha256:18aad665c92f5a15e76bedd412f5694e800e8d48c6e150e6d7916dc6bebf4483","[""identity imported from the exact Volume I completion receipt""]","[""urn:uuid:2985f369-c946-5392-be8c-902d3c9215b2""]","[""urn:uuid:49c1bd6e-3245-559e-96cf-cc1fb55a9cbc""]","urn:uuid:a0273f1c-6fad-54c7-a75a-32a5161da656","active","{""artifact_kind"":""pdf"",""bytes"":2871094,""id"":""urn:uuid:72496543-fe18-56bf-a793-aea3da305f2c"",""manifest_ids"":[""urn:uuid:49c1bd6e-3245-559e-96cf-cc1fb55a9cbc""],""path"":""qa/builds/ra-id-volume1-complete-20260821-final/realanal-volume1-id.pdf"",""produced_from_ids"":[""urn:uuid:2985f369-c946-5392-be8c-902d3c9215b2""],""record_type"":""artifact"",""recorded_at"":""2026-08-21T00:00:00Z"",""rights_id"":""urn:uuid:a0273f1c-6fad-54c7-a75a-32a5161da656"",""schema_name"":""lebl.backend.record"",""schema_version"":""0.3.0"",""semantic_aliases"":[],""semantic_key"":""lebl.ra.artifact.volume1-final.realanal-volume1-id.pdf"",""sha256"":""sha256:18aad665c92f5a15e76bedd412f5694e800e8d48c6e150e6d7916dc6bebf4483"",""status"":""active"",""supersedes_id"":null,""toolchain"":[""identity imported from the exact Volume I completion receipt""],""workflow_id"":""01a01f57-a34b-7740-9717-596b8116910c/backend-production-v0.3-r006-live""}"
